Time(s),Queue Density
0.0666667,0.045144
0.133333,0.0435911
0.2,0.0425259
0.266667,0.0439422
0.333333,0.0467711
0.4,0.0488117
0.466667,0.0506846
0.533333,0.0504427
0.6,0.050985
0.666667,0.0530491
0.733333,0.0539738
0.8,0.0539543
0.866667,0.0554019
0.933333,0.0564671
1,0.0567597
1.06667,0.0565724
1.13333,0.0566309
1.2,0.0572708
1.26667,0.0582346
1.33333,0.0580629
1.4,0.0583711
1.46667,0.0588355
1.53333,0.0594559
1.6,0.0594207
1.66667,0.0591554
1.73333,0.0615238
1.8,0.0620779
1.86667,0.0643253
1.93333,0.0657261
2,0.0659758
2.06667,0.0659524
2.13333,0.066046
2.2,0.0659563
2.26667,0.0658821
2.33333,0.0661631
2.4,0.0666781
2.46667,0.0666898
2.53333,0.0660928
2.6,0.0664869
2.66667,0.0660148
2.73333,0.0658392
2.8,0.0657027
2.86667,0.0658977
2.93333,0.066128
3,0.0640561
3.06667,0.0646609
3.13333,0.0655271
3.2,0.0660499
3.26667,0.0663035
3.33333,0.066721
3.4,0.0668927
3.46667,0.0668927
3.53333,0.068114
3.6,0.0690777
3.66667,0.0705097
3.73333,0.0727766
3.8,0.0740486
3.86667,0.0755352
3.93333,0.0772403
4,0.0784928
4.06667,0.0807246
4.13333,0.080315
4.2,0.0804203
4.26667,0.0800847
4.33333,0.0786567
4.4,0.0780675
4.46667,0.0775408
4.53333,0.077412
4.6,0.0774549
4.66667,0.0749226
4.73333,0.0755821
4.8,0.0764639
4.86667,0.0761946
4.93333,0.0761283
5,0.0756523
5.06667,0.075067
5.13333,0.0745832
5.2,0.0740603
5.26667,0.0735726
5.33333,0.0746924
5.4,0.075145
5.46667,0.0763585
5.53333,0.0771428
5.6,0.0772676
5.66667,0.0802642
5.73333,0.08401
5.8,0.0855278
5.86667,0.0894413
5.93333,0.0920438
6,0.0930388
6.06667,0.0938738
6.13333,0.0943576
6.2,0.0953565
6.26667,0.0959807
6.33333,0.0941937
6.4,0.0941274
6.46667,0.0953877
6.53333,0.0952667
6.6,0.0957505
6.66667,0.0958442
6.73333,0.0960276
6.8,0.0964099
6.86667,0.0974946
6.93333,0.0968586
7,0.0969289
7.06667,0.096605
7.13333,0.0966558
7.2,0.0970967
7.26667,0.0989149
7.33333,0.101435
7.4,0.103012
7.46667,0.105201
7.53333,0.108096
7.6,0.108794
7.66667,0.110886
7.73333,0.111225
7.8,0.111725
7.86667,0.11263
7.93333,0.112571
8,0.111849
8.06667,0.11192
8.13333,0.11229
8.2,0.112442
8.26667,0.113176
8.33333,0.113231
8.4,0.113781
8.46667,0.113395
8.53333,0.112298
8.6,0.112599
8.66667,0.112314
8.73333,0.112247
8.8,0.111927
8.86667,0.11135
8.93333,0.111159
9,0.110827
9.06667,0.111217
9.13333,0.111147
9.2,0.11133
9.26667,0.11199
9.33333,0.111709
9.4,0.111838
9.46667,0.11149
9.53333,0.111869
9.6,0.112216
9.66667,0.112591
9.73333,0.112712
9.8,0.112735
9.86667,0.113262
9.93333,0.113254
10,0.11327
10.0667,0.112883
10.1333,0.11165
10.2,0.111873
10.2667,0.111014
10.3333,0.110503
10.4,0.110507
10.4667,0.108174
10.5333,0.108264
10.6,0.10787
10.6667,0.108396
10.7333,0.107901
10.8,0.108131
10.8667,0.10785
10.9333,0.106652
11,0.107062
11.0667,0.106726
11.1333,0.106227
11.2,0.106172
11.2667,0.105216
11.3333,0.101755
11.4,0.101709
11.4667,0.101482
11.5333,0.101646
11.6,0.101631
11.6667,0.101713
11.7333,0.101568
11.8,0.10227
11.8667,0.101794
11.9333,0.101549
12,0.101908
12.0667,0.102146
12.1333,0.102071
12.2,0.102196
12.2667,0.101771
12.3333,0.102516
12.4,0.102906
12.4667,0.101958
12.5333,0.101705
12.6,0.102146
12.6667,0.102594
12.7333,0.102438
12.8,0.102501
12.8667,0.101857
12.9333,0.101943
13,0.102095
13.0667,0.10238
13.1333,0.102579
13.2,0.102399
13.2667,0.102512
13.3333,0.102731
13.4,0.10293
13.4667,0.103074
13.5333,0.103297
13.6,0.103624
13.6667,0.103773
13.7333,0.103246
13.8,0.103386
13.8667,0.1035
13.9333,0.103164
14,0.103386
14.0667,0.104292
14.1333,0.104221
14.2,0.104097
14.2667,0.103753
14.3333,0.103722
14.4,0.103468
14.4667,0.103066
14.5333,0.102992
14.6,0.10334
14.6667,0.101681
14.7333,0.102142
14.8,0.102754
14.8667,0.10135
14.9333,0.101229
15,0.101471
15.0667,0.101521
15.1333,0.101502
15.2,0.101787
15.2667,0.101673
15.3333,0.101564
15.4,0.101549
15.4667,0.101662
15.5333,0.102349
15.6,0.102856
15.6667,0.103792
15.7333,0.103492
15.8,0.103234
15.8667,0.102391
15.9333,0.100979
16,0.100499
16.0667,0.0998084
16.1333,0.0996367
16.2,0.0996641
16.2667,0.0996289
16.3333,0.0980916
16.4,0.0984857
16.4667,0.0987627
16.5333,0.0990359
16.6,0.098595
16.6667,0.098474
16.7333,0.0983804
16.8,0.0981384
16.8667,0.0983062
16.9333,0.0981775
17,0.0982828
17.0667,0.0986457
17.1333,0.0988408
17.2,0.0987393
17.2667,0.0988798
17.3333,0.0990944
17.4,0.0994534
17.4667,0.0996484
17.5333,0.0997499
17.6,0.0996875
17.6667,0.0996602
17.7333,0.0995275
17.8,0.0995392
17.8667,0.0994807
17.9333,0.0994807
18,0.098076
18.0667,0.0981228
18.1333,0.0982906
18.2,0.0981892
18.2667,0.0981658
18.3333,0.0983413
18.4,0.0985872
18.4667,0.0992544
18.5333,0.101833
18.6,0.102391
18.6667,0.104143
18.7333,0.106305
18.8,0.107105
18.8667,0.108268
18.9333,0.110449
19,0.111444
19.0667,0.113473
19.1333,0.115228
19.2,0.115025
19.2667,0.114748
19.3333,0.114011
19.4,0.113984
19.4667,0.113539
19.5333,0.113098
19.6,0.112821
19.6667,0.110398
19.7333,0.108841
19.8,0.107991
19.8667,0.106278
19.9333,0.104061
20,0.103406
20.0667,0.101685
20.1333,0.100386
20.2,0.0992388
20.2667,0.0984545
20.3333,0.0982165
20.4,0.0984623
20.4667,0.0983101
20.5333,0.0991685
20.6,0.0993051
20.6667,0.0991451
20.7333,0.0999255
20.8,0.100206
20.8667,0.0998943
20.9333,0.0999918
21,0.100082
21.0667,0.100398
21.1333,0.0998591
21.2,0.0994924
21.2667,0.0988447
21.3333,0.0966948
21.4,0.0967611
21.4667,0.0970654
21.5333,0.0971513
21.6,0.0971513
21.6667,0.0970576
21.7333,0.0973347
21.8,0.0971786
21.8667,0.0976858
21.9333,0.0980565
22,0.0978926
22.0667,0.098158
22.1333,0.0979199
22.2,0.0979902
22.2667,0.0980019
22.3333,0.097998
22.4,0.0979199
22.4667,0.0976351
22.5333,0.0977912
22.6,0.0980721
22.6667,0.0991451
22.7333,0.099469
22.8,0.0996875
22.8667,0.100203
22.9333,0.101576
23,0.102181
23.0667,0.102957
23.1333,0.103823
23.2,0.104463
23.2667,0.1041
23.3333,0.1035
23.4,0.103074
23.4667,0.102095
23.5333,0.101634
23.6,0.101506
23.6667,0.101642
23.7333,0.101794
23.8,0.101849
23.8667,0.102173
23.9333,0.102333
24,0.102224
24.0667,0.102512
24.1333,0.10275
24.2,0.102879
24.2667,0.103024
24.3333,0.103039
24.4,0.103008
24.4667,0.103102
24.5333,0.102977
24.6,0.103265
24.6667,0.103948
24.7333,0.104003
24.8,0.104151
24.8667,0.104448
24.9333,0.104463
25,0.104323
25.0667,0.104428
25.1333,0.104202
25.2,0.104413
25.2667,0.104229
25.3333,0.104311
25.4,0.104522
25.4667,0.104471
25.5333,0.104502
25.6,0.10517
25.6667,0.105688
25.7333,0.107276
25.8,0.107581
25.8667,0.107538
25.9333,0.107628
26,0.108236
26.0667,0.108759
26.1333,0.109196
26.2,0.10975
26.2667,0.109934
26.3333,0.109606
26.4,0.109641
26.4667,0.110737
26.5333,0.111338
26.6,0.112068
26.6667,0.112302
26.7333,0.112454
26.8,0.112275
26.8667,0.112848
26.9333,0.113422
27,0.113796
27.0667,0.114655
27.1333,0.115771
27.2,0.116766
27.2667,0.119411
27.3333,0.122521
27.4,0.124499
27.4667,0.127679
27.5333,0.130399
27.6,0.132217
27.6667,0.134991
27.7333,0.137036
27.8,0.138081
27.8667,0.140305
27.9333,0.142923
28,0.141749
28.0667,0.144289
28.1333,0.146431
28.2,0.147676
28.2667,0.150544
28.3333,0.1545
28.4,0.156112
28.4667,0.159256
28.5333,0.161933
28.6,0.162561
28.6667,0.163771
28.7333,0.165285
28.8,0.165913
28.8667,0.167478
28.9333,0.168266
29,0.168851
29.0667,0.170634
29.1333,0.171855
29.2,0.171282
29.2667,0.171461
29.3333,0.172406
29.4,0.172948
29.4667,0.173748
29.5333,0.174216
29.6,0.174926
29.6667,0.166861
29.7333,0.168449
29.8,0.168921
29.8667,0.170314
29.9333,0.171372
30,0.171629
30.0667,0.171465
30.1333,0.172889
30.2,0.173225
30.2667,0.174637
30.3333,0.175898
30.4,0.176276
30.4667,0.177248
30.5333,0.178009
30.6,0.17811
30.6667,0.178317
30.7333,0.178851
30.8,0.178481
30.8667,0.178426
30.9333,0.178531
31,0.179718
31.0667,0.179562
31.1333,0.179296
31.2,0.179214
31.2667,0.179448
31.3333,0.179093
31.4,0.179284
31.4667,0.17866
31.5333,0.179534
31.6,0.179819
31.6667,0.180326
31.7333,0.179917
31.8,0.18001
31.8667,0.180475
31.9333,0.180264
32,0.180303
32.0667,0.181325
32.1333,0.181009
32.2,0.180603
32.2667,0.181364
32.3333,0.182094
32.4,0.182172
32.4667,0.183046
32.5333,0.183299
32.6,0.182952
32.6667,0.18241
32.7333,0.182937
32.8,0.182461
32.8667,0.182726
32.9333,0.182589
33,0.180798
33.0667,0.180779
33.1333,0.18115
33.2,0.181083
33.2667,0.181341
33.3333,0.181388
33.4,0.182445
33.4667,0.186238
33.5333,0.189417
33.6,0.19177
33.6667,0.194806
33.7333,0.197779
33.8,0.198977
33.8667,0.201236
33.9333,0.203901
34,0.205922
34.0667,0.209168
34.1333,0.210702
34.2,0.211482
34.2667,0.21428
34.3333,0.216297
34.4,0.217109
34.4667,0.220882
34.5333,0.222844
34.6,0.224717
34.6667,0.231881
34.7333,0.234308
34.8,0.236161
34.8667,0.237519
34.9333,0.239353
35,0.241191
35.0667,0.243071
35.1333,0.244137
35.2,0.244558
35.2667,0.245163
35.3333,0.244535
35.4,0.244265
35.4667,0.243504
35.5333,0.24265
35.6,0.242966
35.6667,0.24425
35.7333,0.243797
35.8,0.244211
35.8667,0.243735
35.9333,0.243251
36,0.243434
36.0667,0.24368
36.1333,0.244862
36.2,0.24549
36.2667,0.245003
36.3333,0.240539
36.4,0.240804
36.4667,0.240122
36.5333,0.240469
36.6,0.239431
36.6667,0.238553
36.7333,0.238116
36.8,0.23842
36.8667,0.237972
36.9333,0.237281
37,0.236782
37.0667,0.236864
37.1333,0.236434
37.2,0.2367
37.2667,0.236013
37.3333,0.235346
37.4,0.235092
37.4667,0.234823
37.5333,0.234729
37.6,0.233879
37.6667,0.232685
37.7333,0.231897
37.8,0.232708
37.8667,0.232505
37.9333,0.232985
38,0.229072
38.0667,0.229208
38.1333,0.230781
38.2,0.230628
38.2667,0.233586
38.3333,0.236134
38.4,0.237769
38.4667,0.23947
38.5333,0.24176
38.6,0.242966
38.6667,0.244441
38.7333,0.246669
38.8,0.248308
38.8667,0.250918
38.9333,0.253158
39,0.254266
39.0667,0.255783
39.1333,0.257715
39.2,0.258515
39.2667,0.260208
39.3333,0.262046
39.4,0.262881
39.4667,0.264641
39.5333,0.266381
39.6,0.266997
39.6667,0.270275
39.7333,0.272284
39.8,0.274255
39.8667,0.276096
39.9333,0.278133
40,0.280408
40.0667,0.281375
40.1333,0.282718
40.2,0.283361
40.2667,0.284037
40.3333,0.286186
40.4,0.287856
40.4667,0.291083
40.5333,0.293623
40.6,0.296019
40.6667,0.299577
40.7333,0.302445
40.8,0.303834
40.8667,0.306905
40.9333,0.309629
41,0.31138
41.0667,0.313667
41.1333,0.31547
41.2,0.316441
41.2667,0.317943
41.3333,0.325708
41.4,0.326746
41.4667,0.328802
41.5333,0.330254
41.6,0.331795
41.6667,0.333515
41.7333,0.335025
41.8,0.33634
41.8667,0.338627
41.9333,0.340621
42,0.34183
42.0667,0.344952
42.1333,0.346836
42.2,0.34757
42.2667,0.349466
42.3333,0.350594
42.4,0.351315
42.4667,0.352467
42.5333,0.353395
42.6,0.354055
42.6667,0.354628
42.7333,0.354921
42.8,0.354285
42.8667,0.355092
42.9333,0.354597
43,0.352178
43.0667,0.352728
43.1333,0.352388
43.2,0.353473
43.2667,0.353036
43.3333,0.354613
43.4,0.355537
43.4667,0.357597
43.5333,0.359143
43.6,0.359872
43.6667,0.361281
43.7333,0.362533
43.8,0.362947
43.8667,0.362818
43.9333,0.363345
44,0.363946
44.0667,0.363856
44.1333,0.364515
44.2,0.365175
44.2667,0.36578
44.3333,0.365869
44.4,0.366018
44.4667,0.366704
44.5333,0.367005
44.6,0.367368
44.6667,0.364125
44.7333,0.364414
44.8,0.365007
44.8667,0.365019
44.9333,0.364952
45,0.364968
45.0667,0.365245
45.1333,0.365401
45.2,0.366166
45.2667,0.366455
45.3333,0.367274
45.4,0.367465
45.4667,0.367758
45.5333,0.368312
45.6,0.368085
45.6667,0.368519
45.7333,0.368636
45.8,0.368515
45.8667,0.368483
45.9333,0.368335
46,0.368718
46.0667,0.368004
46.1333,0.368292
46.2,0.368284
46.2667,0.368526
46.3333,0.364
46.4,0.364617
46.4667,0.365506
46.5333,0.366111
46.6,0.366267
46.6667,0.36617
46.7333,0.365783
46.8,0.365678
46.8667,0.36578
46.9333,0.365893
47,0.366037
47.0667,0.36624
47.1333,0.365733
47.2,0.365939
47.2667,0.366057
47.3333,0.365932
47.4,0.36624
47.4667,0.366591
47.5333,0.36727
47.6,0.367555
47.6667,0.367321
47.7333,0.367703
47.8,0.367754
47.8667,0.367902
47.9333,0.367598
48,0.364422
48.0667,0.364484
48.1333,0.365206
48.2,0.365756
48.2667,0.365795
48.3333,0.366892
48.4,0.367422
48.4667,0.367422
48.5333,0.366864
48.6,0.366903
48.6667,0.367481
48.7333,0.367348
48.8,0.367422
48.8667,0.366856
48.9333,0.36631
49,0.366209
49.0667,0.365405
49.1333,0.364937
49.2,0.36512
49.2667,0.365292
49.3333,0.365467
49.4,0.364968
49.4667,0.365003
49.5333,0.364785
49.6,0.365007
49.6667,0.360075
49.7333,0.360442
49.8,0.361289
49.8667,0.36155
49.9333,0.361363
50,0.361378
50.0667,0.360446
50.1333,0.360703
50.2,0.360809
50.2667,0.360719
50.3333,0.360621
50.4,0.360547
50.4667,0.360961
50.5333,0.36146
50.6,0.361449
50.6667,0.36155
50.7333,0.361843
50.8,0.36153
50.8667,0.361378
50.9333,0.361191
51,0.36109
51.0667,0.361
51.1333,0.361175
51.2,0.361109
51.2667,0.361082
51.3333,0.356879
51.4,0.357102
51.4667,0.357332
51.5333,0.357391
51.6,0.357461
51.6667,0.357976
51.7333,0.357999
51.8,0.358538
51.8667,0.35819
51.9333,0.35883
52,0.358928
52.0667,0.359314
52.1333,0.359478
52.2,0.359736
52.2667,0.359931
52.3333,0.359825
52.4,0.359775
52.4667,0.359314
52.5333,0.359342
52.6,0.359443
52.6667,0.360699
52.7333,0.361928
52.8,0.362354
52.8667,0.362799
52.9333,0.364238
53,0.359505
53.0667,0.361207
53.1333,0.363555
53.2,0.364843
53.2667,0.366295
53.3333,0.368039
53.4,0.368753
53.4667,0.369993
53.5333,0.371453
53.6,0.372268
53.6667,0.373661
53.7333,0.373876
53.8,0.37411
53.8667,0.374481
53.9333,0.375538
54,0.376416
54.0667,0.377891
54.1333,0.379752
54.2,0.381808
54.2667,0.385737
54.3333,0.388305
54.4,0.389994
54.4667,0.392437
54.5333,0.394251
54.6,0.39532
54.6667,0.401579
54.7333,0.401762
54.8,0.402554
54.8667,0.4039
54.9333,0.404946
55,0.406249
55.0667,0.407716
55.1333,0.409043
55.2,0.410073
55.2667,0.410303
55.3333,0.411232
55.4,0.412531
55.4667,0.412675
55.5333,0.412945
55.6,0.412999
55.6667,0.413206
55.7333,0.412746
55.8,0.412851
55.8667,0.41305
55.9333,0.413428
56,0.413717
56.0667,0.414072
56.1333,0.414669
56.2,0.414876
56.2667,0.415235
56.3333,0.412543
56.4,0.412945
56.4667,0.41337
56.5333,0.413542
56.6,0.413237
56.6667,0.413397
56.7333,0.413136
56.8,0.412863
56.8667,0.413237
56.9333,0.413249
57,0.413635
57.0667,0.413655
57.1333,0.413627
57.2,0.413764
57.2667,0.413167
57.3333,0.413132
57.4,0.413027
57.4667,0.413077
57.5333,0.413382
57.6,0.41362
57.6667,0.41392
57.7333,0.413585
57.8,0.413265
57.8667,0.413354
57.9333,0.413163
58,0.409749
58.0667,0.410155
58.1333,0.410662
58.2,0.410783
58.2667,0.410658
58.3333,0.411169
58.4,0.411282
58.4667,0.411275
58.5333,0.41138
58.6,0.411442
58.6667,0.409979
58.7333,0.410451
58.8,0.410803
58.8667,0.411025
58.9333,0.410791
59,0.410943
59.0667,0.411442
59.1333,0.411243
59.2,0.411333
59.2667,0.411969
59.3333,0.411997
59.4,0.411798
59.4667,0.412
59.5333,0.412379
59.6,0.413089
59.6667,0.413233
59.7333,0.413643
59.8,0.413784
59.8667,0.414361
59.9333,0.414767
60,0.415091
60.0667,0.415231
60.1333,0.414849
60.2,0.414864
60.2667,0.414962
60.3333,0.411563
60.4,0.411716
60.4667,0.412504
60.5333,0.412613
60.6,0.412792
60.6667,0.413112
60.7333,0.413124
60.8,0.412871
60.8667,0.412578
60.9333,0.411688
61,0.411185
61.0667,0.409843
61.1333,0.408797
61.2,0.407533
61.2667,0.406897
61.3333,0.406756
61.4,0.406799
61.4667,0.407018
61.5333,0.407225
61.6,0.407264
61.6667,0.407322
61.7333,0.406983
61.8,0.407022
61.8667,0.407143
61.9333,0.406979
62,0.405289
62.0667,0.40573
62.1333,0.405929
62.2,0.406417
62.2667,0.4063
62.3333,0.406823
62.4,0.407092
62.4667,0.408571
62.5333,0.409714
62.6,0.41074
62.6667,0.412051
62.7333,0.413272
62.8,0.4136
62.8667,0.413647
62.9333,0.413413
63,0.413421
63.0667,0.413456
63.1333,0.413561
63.2,0.413245
63.2667,0.413308
63.3333,0.413362
63.4,0.413479
63.4667,0.413569
63.5333,0.413647
63.6,0.413639
63.6667,0.409546
63.7333,0.410194
63.8,0.410607
63.8667,0.410584
63.9333,0.410658
64,0.411029
64.0667,0.411224
64.1333,0.411423
64.2,0.411485
64.2667,0.411587
64.3333,0.411801
64.4,0.412149
64.4667,0.412297
64.5333,0.412274
64.6,0.412379
64.6667,0.412484
64.7333,0.413148
64.8,0.413362
64.8667,0.413795
64.9333,0.413947
65,0.414439
65.0667,0.414533
65.1333,0.41447
65.2,0.414739
65.2667,0.414525
65.3333,0.41241
65.4,0.412753
65.4667,0.413257
65.5333,0.413803
65.6,0.41394
65.6667,0.414143
65.7333,0.413787
65.8,0.413678
65.8667,0.41328
65.9333,0.413089
66,0.412937
66.0667,0.413257
66.1333,0.412917
66.2,0.412921
66.2667,0.412941
66.3333,0.413397
66.4,0.413187
66.4667,0.412906
66.5333,0.412988
66.6,0.413124
66.6667,0.413581
66.7333,0.414455
66.8,0.414732
66.8667,0.414821
66.9333,0.414954
67,0.411189
67.0667,0.411474
67.1333,0.411926
67.2,0.411833
67.2667,0.412558
67.3333,0.412301
67.4,0.408145
67.4667,0.407455
67.5333,0.407841
67.6,0.407322
67.6667,0.407338
67.7333,0.4074
67.8,0.407166
67.8667,0.407455
67.9333,0.407673
68,0.407295
68.0667,0.406651
68.1333,0.407065
68.2,0.406998
68.2667,0.406979
68.3333,0.406596
68.4,0.40678
68.4667,0.406647
68.5333,0.406823
68.6,0.406862
68.6667,0.4063
68.7333,0.406327
68.8,0.406054
68.8667,0.405921
68.9333,0.405836
69,0.405715
69.0667,0.403241
69.1333,0.403487
69.2,0.403717
69.2667,0.404314
69.3333,0.404458
69.4,0.404228
69.4667,0.404739
69.5333,0.404661
69.6,0.405239
69.6667,0.405122
69.7333,0.405488
69.8,0.40557
69.8667,0.405804
69.9333,0.405773
70,0.405878
70.0667,0.405629
70.1333,0.405469
70.2,0.405137
70.2667,0.40548
70.3333,0.405356
70.4,0.405438
70.4667,0.405402
70.5333,0.405539
70.6,0.405562
70.6667,0.405219
70.7333,0.405551
70.8,0.405668
70.8667,0.404564
70.9333,0.404688
71,0.404411
71.0667,0.404404
71.1333,0.404349
71.2,0.404107
71.2667,0.40424
71.3333,0.404314
71.4,0.404497
71.4667,0.405036
71.5333,0.405004
71.6,0.40509
71.6667,0.405535
71.7333,0.405371
71.8,0.405379
71.8667,0.405469
71.9333,0.405578
72,0.405285
72.0667,0.405383
72.1333,0.405313
72.2,0.405566
72.2667,0.405875
72.3333,0.406015
72.4,0.400334
72.4667,0.400822
72.5333,0.400966
72.6,0.401789
72.6667,0.402211
72.7333,0.402987
72.8,0.403701
72.8667,0.404111
72.9333,0.404169
73,0.404548
73.0667,0.404454
73.1333,0.40447
73.2,0.404493
73.2667,0.405036
73.3333,0.404919
73.4,0.404454
73.4667,0.404419
73.5333,0.404458
73.6,0.404388
73.6667,0.404103
73.7333,0.404017
73.8,0.404064
73.8667,0.404025
73.9333,0.404259
74,0.404134
74.0667,0.402585
74.1333,0.40246
74.2,0.402769
74.2667,0.402843
74.3333,0.403073
74.4,0.402855
74.4667,0.402277
74.5333,0.402324
74.6,0.402156
74.6667,0.402254
74.7333,0.402265
74.8,0.402515
74.8667,0.402605
74.9333,0.402675
75,0.401856
75.0667,0.401953
75.1333,0.402125
75.2,0.40239
75.2667,0.403151
75.3333,0.402979
75.4,0.402874
75.4667,0.402601
75.5333,0.403054
75.6,0.402855
75.6667,0.402929
75.7333,0.402226
75.8,0.402336
75.8667,0.401727
75.9333,0.402043
76,0.402488
76.0667,0.402937
76.1333,0.40278
76.2,0.402917
76.2667,0.402976
76.3333,0.402558
76.4,0.40278
76.4667,0.403194
76.5333,0.403682
76.6,0.404037
76.6667,0.404056
76.7333,0.403994
76.8,0.403818
76.8667,0.403502
76.9333,0.403537
77,0.403194
77.0667,0.403151
77.1333,0.403374
77.2,0.40321
77.2667,0.403853
77.3333,0.404072
77.4,0.402558
77.4667,0.402488
77.5333,0.402425
77.6,0.402558
77.6667,0.402207
77.7333,0.402414
77.8,0.402168
77.8667,0.402613
77.9333,0.402242
78,0.402675
78.0667,0.402562
78.1333,0.4025
78.2,0.402609
78.2667,0.403073
78.3333,0.403241
78.4,0.40326
78.4667,0.403089
78.5333,0.403065
78.6,0.402698
78.6667,0.402753
78.7333,0.403237
78.8,0.402991
78.8667,0.403221
78.9333,0.403506
79,0.403627
79.0667,0.399714
79.1333,0.400108
79.2,0.400283
79.2667,0.401138
79.3333,0.401181
79.4,0.401641
79.4667,0.401824
79.5333,0.402464
79.6,0.403128
79.6667,0.403573
79.7333,0.40406
79.8,0.404626
79.8667,0.404852
79.9333,0.404837
80,0.404298
80.0667,0.404388
80.1333,0.404407
80.2,0.404489
80.2667,0.40472
80.3333,0.404692
80.4,0.404805
80.4667,0.405137
80.5333,0.405387
80.6,0.405289
80.6667,0.405492
80.7333,0.403038
80.8,0.403494
80.8667,0.403693
80.9333,0.403569
81,0.403713
81.0667,0.403315
81.1333,0.403775
81.2,0.403986
81.2667,0.40399
81.3333,0.404314
81.4,0.404033
81.4667,0.404052
81.5333,0.404236
81.6,0.404474
81.6667,0.404509
81.7333,0.404708
81.8,0.405414
81.8667,0.405601
81.9333,0.406144
82,0.406202
82.0667,0.406553
82.1333,0.40628
82.2,0.406721
82.2667,0.407681
82.3333,0.407705
82.4,0.405422
82.4667,0.405071
82.5333,0.405535
82.6,0.406003
82.6667,0.407322
82.7333,0.407802
82.8,0.407962
82.8667,0.407884
82.9333,0.40804
83,0.407521
83.0667,0.407416
83.1333,0.407509
83.2,0.407841
83.2667,0.407732
83.3333,0.40804
83.4,0.407759
83.4667,0.407412
83.5333,0.407447
83.6,0.407127
83.6667,0.407541
83.7333,0.407576
83.8,0.407677
83.8667,0.407494
83.9333,0.407416
84,0.407147
84.0667,0.406042
84.1333,0.406077
84.2,0.406128
84.2667,0.406803
84.3333,0.406823
84.4,0.406838
84.4667,0.406987
84.5333,0.406721
84.6,0.406994
84.6667,0.407139
84.7333,0.407244
84.8,0.407271
84.8667,0.40763
84.9333,0.408071
85,0.407939
85.0667,0.408653
85.1333,0.40909
85.2,0.409749
85.2667,0.410061
85.3333,0.409948
85.4,0.409257
85.4667,0.408801
85.5333,0.408536
85.6,0.4085
85.6667,0.408309
85.7333,0.406811
85.8,0.407205
85.8667,0.408259
85.9333,0.408266
86,0.407509
86.0667,0.407818
86.1333,0.407946
86.2,0.408274
86.2667,0.408649
86.3333,0.408707
86.4,0.407997
86.4667,0.408114
86.5333,0.408461
86.6,0.408407
86.6667,0.409414
86.7333,0.40987
86.8,0.409616
86.8667,0.409562
86.9333,0.409238
87,0.409226
87.0667,0.408996
87.1333,0.408536
87.2,0.408934
87.2667,0.409164
87.3333,0.40875
87.4,0.406144
87.4667,0.405867
87.5333,0.405399
87.6,0.405512
87.6667,0.405051
87.7333,0.404661
87.8,0.404201
87.8667,0.40461
87.9333,0.404384
88,0.404735
88.0667,0.404887
88.1333,0.405055
88.2,0.404962
88.2667,0.404525
88.3333,0.404228
88.4,0.404006
88.4667,0.403928
88.5333,0.404041
88.6,0.403982
88.6667,0.404064
88.7333,0.403916
88.8,0.40399
88.8667,0.403939
88.9333,0.403881
89,0.404189
89.0667,0.401259
89.1333,0.401228
89.2,0.401333
89.2667,0.402059
89.3333,0.402429
89.4,0.402917
89.4667,0.403334
89.5333,0.403588
89.6,0.403838
89.6667,0.404263
89.7333,0.404552
89.8,0.405051
89.8667,0.405352
89.9333,0.405274
90,0.405988
90.0667,0.406296
90.1333,0.406807
90.2,0.407537
90.2667,0.407962
90.3333,0.408575
90.4,0.409257
90.4667,0.409531
90.5333,0.410073
90.6,0.410151
90.6667,0.41035
90.7333,0.405902
90.8,0.406581
90.8667,0.407088
90.9333,0.40742
91,0.40756
91.0667,0.407868
91.1333,0.407412
91.2,0.407072
91.2667,0.406807
91.3333,0.406764
91.4,0.406663
91.4667,0.404856
91.5333,0.404739
91.6,0.404267
91.6667,0.404123
91.7333,0.403623
91.8,0.402964
91.8667,0.402476
91.9333,0.402094
92,0.401856
92.0667,0.400619
92.1333,0.400014
92.2,0.399678
92.2667,0.399277
92.3333,0.399503
92.4,0.394821
92.4667,0.394918
92.5333,0.395164
92.6,0.395133
92.6667,0.395043
92.7333,0.394989
92.8,0.394665
92.8667,0.394563
92.9333,0.393876
93,0.393155
93.0667,0.393034
93.1333,0.393291
93.2,0.393014
93.2667,0.392944
93.3333,0.393014
93.4,0.393038
93.4667,0.393666
93.5333,0.393537
93.6,0.393646
93.6667,0.393923
93.7333,0.393791
93.8,0.393564
93.8667,0.393798
93.9333,0.393798
94,0.394134
94.0667,0.39129
94.1333,0.391918
94.2,0.392558
94.2667,0.393221
94.3333,0.394329
94.4,0.395324
94.4667,0.395582
94.5333,0.396136
94.6,0.396206
94.6667,0.396631
94.7333,0.397123
94.8,0.399113
94.8667,0.400073
94.9333,0.400533
95,0.402933
95.0667,0.404447
95.1333,0.40543
95.2,0.407111
95.2667,0.408941
95.3333,0.409394
95.4,0.41184
95.4667,0.41367
95.5333,0.414423
95.6,0.416608
95.6667,0.418879
95.7333,0.418895
95.8,0.421111
95.8667,0.423144
95.9333,0.423491
96,0.425602
96.0667,0.42721
96.1333,0.427658
96.2,0.429133
96.2667,0.430749
96.3333,0.431127
96.4,0.433144
96.4667,0.434986
96.5333,0.435341
96.6,0.43707
96.6667,0.438599
96.7333,0.439356
96.8,0.441178
96.8667,0.442505
96.9333,0.444116
97,0.443789
97.0667,0.445974
97.1333,0.44579
97.2,0.446504
97.2667,0.446699
97.3333,0.448182
97.4,0.440012
97.4667,0.440495
97.5333,0.441931
97.6,0.444194
97.6667,0.444534
97.7333,0.44483
97.8,0.445696
97.8667,0.44769
97.9333,0.446703
98,0.447257
98.0667,0.447679
98.1333,0.45057
98.2,0.452642
98.2667,0.450769
98.3333,0.448635
98.4,0.449052
98.4667,0.44563
98.5333,0.44396
98.6,0.44151
98.6667,0.439801
98.7333,0.437288
98.8,0.435013
98.8667,0.432844
98.9333,0.433655
99,0.431611
99.0667,0.425883
99.1333,0.426273
99.2,0.423441
99.2667,0.419933
99.3333,0.41854
99.4,0.41838
99.4667,0.417209
99.5333,0.41593
99.6,0.416538
99.6667,0.418411
99.7333,0.418704
99.8,0.417873
99.8667,0.417553
99.9333,0.418076
100,0.418103
100.067,0.420538
100.133,0.419211
100.2,0.420311
100.267,0.417873
100.333,0.420764
100.4,0.422048
100.467,0.422512
100.533,0.422742
100.6,0.426308
100.667,0.42689
100.733,0.420413
100.8,0.421384
100.867,0.421931
100.933,0.421993
101,0.422621
101.067,0.405711
101.133,0.404708
101.2,0.403452
101.267,0.399464
101.333,0.398609
101.4,0.394477
101.467,0.375468
101.533,0.373349
101.6,0.370142
101.667,0.366993
101.733,0.365499
101.8,0.36196
101.867,0.362424
101.933,0.361776
102,0.359849
102.067,0.356208
102.133,0.355647
102.2,0.357188
102.267,0.353906
102.333,0.35684
102.4,0.351117
102.467,0.351612
102.533,0.351604
102.6,0.349294
102.667,0.347425
102.733,0.349162
102.8,0.347983
102.867,0.346438
102.933,0.347468
103,0.347585
103.067,0.348284
103.133,0.346555
103.2,0.346914
103.267,0.346789
103.333,0.333391
103.4,0.333238
103.467,0.333192
103.533,0.333492
103.6,0.333812
103.667,0.335197
103.733,0.337265
103.8,0.338658
103.867,0.339431
103.933,0.339259
104,0.340422
104.067,0.336797
104.133,0.337807
104.2,0.335782
104.267,0.336539
104.333,0.336805
104.4,0.338455
104.467,0.340227
104.533,0.340387
104.6,0.342053
104.667,0.343789
104.733,0.342419
104.8,0.34183
104.867,0.340156
104.933,0.342466
105,0.345939
105.067,0.346107
105.133,0.34693
105.2,0.351085
105.267,0.353742
105.333,0.354062
105.4,0.357117
105.467,0.360126
105.533,0.3613
105.6,0.361374
105.667,0.363704
105.733,0.361429
105.8,0.364582
105.867,0.366934
105.933,0.366193
106,0.367036
106.067,0.366361
106.133,0.363142
106.2,0.357434
106.267,0.352525
106.333,0.352806
106.4,0.349493
106.467,0.349232
106.533,0.351838
106.6,0.35336
106.667,0.353032
106.733,0.355362
106.8,0.356669
106.867,0.361792
106.933,0.365007
107,0.367278
107.067,0.370134
107.133,0.372377
107.2,0.375515
107.267,0.374406
107.333,0.376334
107.4,0.370411
107.467,0.369416
107.533,0.368281
107.6,0.363005
107.667,0.36082
107.733,0.359342
107.8,0.356033
107.867,0.351838
107.933,0.350118
108,0.341795
108.067,0.334452
108.133,0.333207
108.2,0.327062
108.267,0.321744
108.333,0.319781
108.4,0.317697
108.467,0.309293
108.533,0.306316
108.6,0.302172
108.667,0.297389
108.733,0.296339
108.8,0.29509
108.867,0.289807
108.933,0.287728
109,0.282655
109.067,0.276467
109.133,0.276588
109.2,0.274446
109.267,0.276623
109.333,0.276038
109.4,0.270965
109.467,0.268578
109.533,0.266205
109.6,0.263763
109.667,0.261336
109.733,0.263447
109.8,0.25933
109.867,0.25697
109.933,0.25633
110,0.254375
110.067,0.258136
110.133,0.259322
110.2,0.258573
110.267,0.257489
110.333,0.258409
110.4,0.260938
110.467,0.26219
110.533,0.261207
110.6,0.263977
110.667,0.264953
110.733,0.258686
110.8,0.258047
110.867,0.262069
110.933,0.262756
111,0.263392
111.067,0.26761
111.133,0.269604
111.2,0.270138
111.267,0.271172
111.333,0.273291
111.4,0.273303
111.467,0.273985
111.533,0.274813
111.6,0.278289
111.667,0.281676
111.733,0.284368
111.8,0.286978
111.867,0.288762
111.933,0.291052
112,0.293272
112.067,0.297037
112.133,0.297705
112.2,0.299004
112.267,0.299773
112.333,0.300522
112.4,0.296038
112.467,0.298383
112.533,0.298969
112.6,0.304381
112.667,0.30479
112.733,0.306909
112.8,0.315489
112.867,0.323995
112.933,0.329403
113,0.334382
113.067,0.335837
113.133,0.335938
113.2,0.338042
113.267,0.338982
113.333,0.337569
113.4,0.33373
113.467,0.333437
113.533,0.330121
113.6,0.326239
113.667,0.327674
113.733,0.326114
113.8,0.323683
113.867,0.320374
113.933,0.317432
114,0.308684
114.067,0.293947
114.133,0.291587
114.2,0.285898
114.267,0.281239
114.333,0.278792
114.4,0.274774
114.467,0.273143
114.533,0.273201
114.6,0.271976
114.667,0.267875
114.733,0.267243
114.8,0.263716
114.867,0.264375
114.933,0.264348
115,0.265682
115.067,0.264274
115.133,0.26235
115.2,0.263942
115.267,0.26484
115.333,0.266002
115.4,0.258901
115.467,0.24915
115.533,0.248788
115.6,0.241355
115.667,0.240629
115.733,0.232279
115.8,0.232778
115.867,0.228213
115.933,0.228166
116,0.228728
116.067,0.226489
116.133,0.224807
116.2,0.223726
116.267,0.222087
116.333,0.22133
116.4,0.220449
116.467,0.218829
116.533,0.215415
116.6,0.215365
116.667,0.213027
116.733,0.212657
116.8,0.212325
116.867,0.211314
116.933,0.210675
117,0.209535
117.067,0.208794
117.133,0.207463
117.2,0.205891
117.267,0.202469
117.333,0.201517
117.4,0.201224
117.467,0.197264
117.533,0.194825
117.6,0.194478
117.667,0.193159
117.733,0.193752
117.8,0.198427
117.867,0.200994
117.933,0.203144
118,0.205025
118.067,0.208513
118.133,0.211123
118.2,0.214873
118.267,0.214245
118.333,0.212567
118.4,0.211986
118.467,0.209453
118.533,0.208852
118.6,0.205232
118.667,0.200741
118.733,0.200421
118.8,0.196355
118.867,0.190171
118.933,0.188216
119,0.183206
119.067,0.180182
119.133,0.179959
119.2,0.177743
119.267,0.174704
119.333,0.173026
119.4,0.170295
119.467,0.167259
119.533,0.164785
119.6,0.162214
119.667,0.15896
119.733,0.157302
119.8,0.155971
119.867,0.152971
119.933,0.154399
120,0.152358
120.067,0.151355
120.133,0.152417
120.2,0.153572
120.267,0.154617
120.333,0.155273
120.4,0.155327
120.467,0.154637
120.533,0.155967
120.6,0.156049
120.667,0.156166
120.733,0.152869
120.8,0.151968
120.867,0.149455
120.933,0.148316
121,0.144613
121.067,0.139537
121.133,0.137207
121.2,0.134328
121.267,0.133247
121.333,0.134535
121.4,0.136505
121.467,0.138421
121.533,0.141882
121.6,0.143891
121.667,0.144476
121.733,0.145522
121.8,0.145175
121.867,0.144566
121.933,0.146131
122,0.1456
122.067,0.145702
122.133,0.143915
122.2,0.143376
122.267,0.140551
122.333,0.13926
122.4,0.137059
122.467,0.136224
122.533,0.13512
122.6,0.133965
122.667,0.132986
122.733,0.13251
122.8,0.13112
122.867,0.125549
122.933,0.125201
123,0.122115
123.067,0.119399
123.133,0.119829
123.2,0.117378
123.267,0.115338
123.333,0.115201
123.4,0.113075
123.467,0.111178
123.533,0.110683
123.6,0.106356
123.667,0.103546
123.733,0.10469
123.8,0.10744
123.867,0.109422
123.933,0.10936
124,0.10881
124.067,0.106999
124.133,0.107795
124.2,0.106184
124.267,0.10323
124.333,0.101318
124.4,0.0995431
124.467,0.0941079
124.533,0.0951653
124.6,0.097721
124.667,0.100784
124.733,0.101658
124.8,0.100807
124.867,0.100331
124.933,0.102645
125,0.102107
125.067,0.105267
125.133,0.105724
125.2,0.107503
125.267,0.109419
125.333,0.111865
125.4,0.111494
125.467,0.111822
125.533,0.113543
125.6,0.115111
125.667,0.120707
125.733,0.122856
125.8,0.127375
125.867,0.136528
125.933,0.140567
126,0.146318
126.067,0.151106
126.133,0.150216
126.2,0.14967
126.267,0.151024
126.333,0.151636
126.4,0.151383
126.467,0.14997
126.533,0.151437
126.6,0.153283
126.667,0.157524
126.733,0.160033
126.8,0.168316
126.867,0.174992
126.933,0.177634
127,0.184529
127.067,0.191876
127.133,0.193885
127.2,0.194736
127.267,0.196784
127.333,0.198286
127.4,0.195594
127.467,0.196109
127.533,0.19669
127.6,0.194033
127.667,0.191817
127.733,0.190112
127.8,0.187806
127.867,0.186351
127.933,0.185699
128,0.181809
128.067,0.177263
128.133,0.175991
128.2,0.173642
128.267,0.170724
128.333,0.166518
128.4,0.162951
128.467,0.161797
128.533,0.158699
128.6,0.158394
128.667,0.157087
128.733,0.15775
128.8,0.159198
128.867,0.156463
128.933,0.155444
129,0.152666
129.067,0.143852
129.133,0.141148
129.2,0.13846
129.267,0.140044
129.333,0.139486
129.4,0.139275
129.467,0.136556
129.533,0.136813
129.6,0.134964
129.667,0.132236
129.733,0.128077
129.8,0.1208
129.867,0.113371
129.933,0.110218
130,0.102661
130.067,0.0950053
130.133,0.0934133
130.2,0.089613
130.267,0.082219
130.333,0.0797687
130.4,0.0750007
130.467,0.0721836
130.533,0.0695459
130.6,0.0645087
130.667,0.0606888
130.733,0.0586599
130.8,0.0566622
130.867,0.0540479
130.933,0.0525067
131,0.0500096
131.067,0.0465057
131.133,0.0453118
131.2,0.0416441
131.267,0.0392835
131.333,0.0381129
131.4,0.0355689
131.467,0.0317491
131.533,0.0304654
131.6,0.0265792
131.667,0.0214717
131.733,0.019232
131.8,0.0152483
131.867,0.0130516
131.933,0.0116235
132,0.0115572
132.067,0.0119942
132.133,0.0122829
132.2,0.0120995
132.267,0.0125834
132.333,0.0120878
132.4,0.0118771
132.467,0.0119278
132.533,0.0117718
132.6,0.0109017
132.667,0.011288
132.733,0.0116781
132.8,0.0121776
132.867,0.0112997
132.933,0.011128
133,0.0116313
133.067,0.0116664
133.133,0.0117601
133.2,0.0120215
133.267,0.013153
133.333,0.0131647
133.4,0.0154317
133.467,0.0257676
133.533,0.0316047
133.6,0.0432906
133.667,0.0563149
133.733,0.0630221
133.8,0.0728469
133.867,0.0789571
133.933,0.0820981
134,0.0834091
134.067,0.0834988
134.133,0.0807559
134.2,0.0765848
134.267,0.0766472
134.333,0.0788557
134.4,0.0803969
134.467,0.083374
134.533,0.0818211
134.6,0.0760308
134.667,0.0702132
134.733,0.0652618
134.8,0.0587847
134.867,0.0549415
134.933,0.0570914
135,0.0672166
135.067,0.0772052
135.133,0.0811343
135.2,0.0890355
135.267,0.0980838
135.333,0.102075
135.4,0.107686
135.467,0.108392
135.533,0.105782
135.6,0.104693
135.667,0.104889
135.733,0.100663
135.8,0.101201
135.867,0.102707
135.933,0.103956
136,0.109231
136.067,0.118112
136.133,0.120129
136.2,0.123371
136.267,0.121475
136.333,0.118654
136.4,0.116637
136.467,0.114897
136.533,0.113476
136.6,0.110948
136.667,0.109637
136.733,0.108275
136.8,0.105747
136.867,0.102996
136.933,0.0974712
137,0.0904441
137.067,0.0862769
137.133,0.0848098
137.2,0.0766316
137.267,0.0684573
137.333,0.0666352
137.4,0.0591203
137.467,0.0541455
137.533,0.0520463
137.6,0.0457878
137.667,0.0443519
137.733,0.0431346
137.8,0.0435052
137.867,0.0435443
137.933,0.0438486
138,0.0412695
138.067,0.0418314
138.133,0.0414334
138.2,0.0398375
138.267,0.0378203
138.333,0.0366771
138.4,0.0349095
138.467,0.0333878
138.533,0.0326777
138.6,0.0305902
138.667,0.026587
138.733,0.024878
138.8,0.0206601
138.867,0.0171602
138.933,0.0157867
139,0.0154395
139.067,0.0155721
139.133,0.0151351
139.2,0.0150727
139.267,0.014862
139.333,0.0143899
139.4,0.0138788
139.467,0.0135783
139.533,0.0137344
139.6,0.01391
139.667,0.0145616
139.733,0.0148347
139.8,0.0149479
139.867,0.0151039
139.933,0.0158141
140,0.0176011
140.067,0.0209996
140.133,0.0229505
140.2,0.0278629
140.267,0.03354
140.333,0.0367902
140.4,0.0413944
140.467,0.0470637
140.533,0.0503412
140.6,0.0571265
140.667,0.0653944
140.733,0.069347
140.8,0.0789454
140.867,0.0871275
140.933,0.0902412
141,0.0978419
141.067,0.104444
141.133,0.110948
141.2,0.117741
141.267,0.127367
141.333,0.131846
141.4,0.139377
141.467,0.145187
141.533,0.149732
141.6,0.157637
141.667,0.16212
141.733,0.165082
141.8,0.172882
141.867,0.180954
141.933,0.182663
142,0.180822
142.067,0.182211
142.133,0.18131
142.2,0.179284
142.267,0.181099
142.333,0.180697
142.4,0.178516
142.467,0.178477
142.533,0.178407
142.6,0.179507
142.667,0.178867
142.733,0.179316
142.8,0.180638
142.867,0.182113
142.933,0.182277
143,0.18207
143.067,0.181442
143.133,0.180287
143.2,0.178594
143.267,0.179405
143.333,0.180135
143.4,0.18088
143.467,0.181286
143.533,0.18202
143.6,0.181216
143.667,0.185071
143.733,0.189328
143.8,0.195508
143.867,0.2014
143.933,0.202672
144,0.202496
144.067,0.199476
144.133,0.199539
144.2,0.194888
144.267,0.190522
144.333,0.187482
144.4,0.182402
144.467,0.175785
144.533,0.173432
144.6,0.170466
144.667,0.166393
144.733,0.164017
144.8,0.159892
144.867,0.153845
144.933,0.152541
145,0.146576
145.067,0.138507
145.133,0.134823
145.2,0.125845
145.267,0.115736
145.333,0.112298
145.4,0.107113
145.467,0.102512
145.533,0.10087
145.6,0.0991451
145.667,0.0943381
145.733,0.0926213
145.8,0.0859921
145.867,0.0814699
145.933,0.0792068
146,0.0734634
146.067,0.0673882
146.133,0.064298
146.2,0.0564827
146.267,0.0500642
146.333,0.0467906
146.4,0.04109
146.467,0.0363142
146.533,0.0352685
146.6,0.0308087
146.667,0.0271176
146.733,0.025752
146.8,0.0211556
146.867,0.0160872
146.933,0.0149986
147,0.0147879
147.067,0.0139919
147.133,0.0138436
147.2,0.0134964
147.267,0.0135978
147.333,0.0130867
147.4,0.0126692
147.467,0.0118381
147.533,0.0107807
147.6,0.00950482
147.667,0.00782704
147.733,0.00704668
147.8,0.00639117
147.867,0.0053767
147.933,0.00513869
148,0.00531427
148.067,0.00584492
148.133,0.00614536
148.2,0.00643799
148.267,0.00684378
148.333,0.00705838
148.4,0.00706228
148.467,0.00744466
148.533,0.00767487
148.6,0.00782314
148.667,0.00725738
148.733,0.00693743
148.8,0.00683598
148.867,0.00699595
148.933,0.00704668
149,0.00738223
149.067,0.00740564
149.133,0.00772169
149.2,0.0081665
149.267,0.00889614
149.333,0.00909903
149.4,0.00940728
149.467,0.00913805
149.533,0.00905221
149.6,0.00934094
149.667,0.0103203
149.733,0.0105349
149.8,0.0109836
149.867,0.0102774
149.933,0.00960627
150,0.0100784
150.067,0.0101759
150.133,0.0107222
150.2,0.0114362
150.267,0.012279
150.333,0.01224
150.4,0.0120176
150.467,0.0121424
150.533,0.0125716
150.6,0.013473
150.667,0.0132818
150.733,0.0130945
150.8,0.0126575
150.867,0.012162
150.933,0.0120059
151,0.0118342
151.067,0.0121424
151.133,0.0133364
151.2,0.0171797
151.267,0.0239845
151.333,0.0270825
151.4,0.0338053
151.467,0.0355494
151.533,0.0357679
151.6,0.0374691
151.667,0.040813
151.733,0.0411134
151.8,0.0424752
151.867,0.0415426
151.933,0.0410861
152,0.0420928
152.067,0.044469
152.133,0.0470832
152.2,0.050868
152.267,0.0540167
152.333,0.0543328
152.4,0.054918
152.467,0.0554448
152.533,0.0564983
152.6,0.0584453
152.667,0.0580005
152.733,0.0583204
152.8,0.0585428
152.867,0.0573489
152.933,0.056428
153,0.0566778
153.067,0.0577508
153.133,0.0579185
153.2,0.0587301
153.267,0.0606966
153.333,0.0637713
153.4,0.0678057
153.467,0.0689529
153.533,0.0686134
153.6,0.0689568
153.667,0.0701663
153.733,0.0698893
153.8,0.068828
153.867,0.0674429
153.933,0.0668537
154,0.0666781
154.067,0.0641731
154.133,0.0622417
154.2,0.0573372
154.267,0.0533144
154.333,0.0512386
154.4,0.0461234
154.467,0.0405789
154.533,0.038667
154.6,0.0371843
154.667,0.036322
154.733,0.0365288
154.8,0.0348159
154.867,0.0311404
154.933,0.0298177
155,0.0298333
155.067,0.0292402
155.133,0.0292558
155.2,0.0298762
155.267,0.0299815
155.333,0.0299854
155.4,0.0296538
155.467,0.0285574
155.533,0.0281672
155.6,0.0277068
155.667,0.0270474
155.733,0.0236723
155.8,0.0213468
155.867,0.0204845
155.933,0.0197549
156,0.0203714
156.067,0.0195598
156.133,0.0190955
156.2,0.0185453
156.267,0.0185492
156.333,0.018518
156.4,0.0178625
156.467,0.0175348
156.533,0.0170314
156.6,0.0160911
156.667,0.0147176
156.733,0.0149361
156.8,0.0139568
156.867,0.0131296
156.933,0.0132193
157,0.0121932
157.067,0.0113387
157.133,0.0103515
157.2,0.00991061
157.267,0.00953604
157.333,0.00970772
157.4,0.00872446
157.467,0.00899758
157.533,0.00899758
157.6,0.00913805
157.667,0.00926681
157.733,0.00907172
157.8,0.00868934
157.867,0.00849035
157.933,0.00886492
158,0.00841231
158.067,0.00942678
158.133,0.00983257
158.2,0.0101876
158.267,0.0098872
158.333,0.00913025
158.4,0.00893906
158.467,0.00845913
158.533,0.00874007
158.6,0.00830306
158.667,0.0083889
158.733,0.00827965
158.8,0.00781924
158.867,0.00742515
158.933,0.00998865
159,0.0166842
159.067,0.0265362
159.133,0.0315033
159.2,0.0374457
159.267,0.0449177
159.333,0.0460453
159.4,0.0460687
159.467,0.0477075
159.533,0.0486868
159.6,0.0491395
159.667,0.0499432
159.733,0.0501656
159.8,0.0493267
159.867,0.0488741
159.933,0.0483006
160,0.0476919
160.067,0.0473953
160.133,0.0472588
160.2,0.0454913
160.267,0.0436691
160.333,0.0440164
160.4,0.0454991
160.467,0.0479962
160.533,0.0480118
160.6,0.0477777
160.667,0.047169
160.733,0.0459127
160.8,0.0476412
160.867,0.0498574
160.933,0.0499744
161,0.0478519
161.067,0.0445158
161.133,0.0437237
161.2,0.0419601
161.267,0.0418431
161.333,0.0408988
161.4,0.0400755
161.467,0.0352061
161.533,0.0324085
161.6,0.0278004
161.667,0.0243512
161.733,0.0222794
161.8,0.0191228
161.867,0.0152444
161.933,0.0139919
162,0.0112372
162.067,0.00873616
162.133,0.00758513
162.2,0.00824453
162.267,0.0163642
162.333,0.0207538
162.4,0.0257676
162.467,0.0278043
162.533,0.0282686
162.6,0.0293651
162.667,0.0309258
162.733,0.0308243
162.8,0.0318154
162.867,0.032151
162.933,0.03219
163,0.0321822
163.067,0.0321236
163.133,0.0315852
163.2,0.0321471
163.267,0.0320885
163.333,0.0316788
163.4,0.029845
163.467,0.0275117
163.533,0.0275273
163.6,0.0250926
163.667,0.0259198
163.733,0.0273634
163.8,0.0305668
163.867,0.0335634
163.933,0.0352958
164,0.0380817
164.067,0.0414256
164.133,0.0436847
164.2,0.0444651
164.267,0.042838
164.333,0.0404657
164.4,0.0362869
164.467,0.0311326
164.533,0.0290763
164.6,0.0251238
164.667,0.0225096
164.733,0.0209566
164.8,0.0182098
164.867,0.014265
164.933,0.0141051
165,0.0137617
165.067,0.0138202
165.133,0.0139568
165.2,0.0145187
165.267,0.0141714
165.333,0.014308
165.4,0.0130282
165.467,0.0117211
165.533,0.0120722
165.6,0.0129657
165.667,0.0133598
165.733,0.0127082
165.8,0.0131296
165.867,0.01359
165.933,0.0138592
166,0.0138514
166.067,0.0142143
166.133,0.0141285
166.2,0.0143197
166.267,0.014663
166.333,0.014784
166.4,0.0146513
166.467,0.0150883
166.533,0.0154746
166.6,0.015736
166.667,0.0166764
166.733,0.0167037
166.8,0.0167271
166.867,0.0165632
166.933,0.0166022
167,0.0158102
167.067,0.0159818
167.133,0.015658
167.2,0.0161067
167.267,0.020188
167.333,0.0231846
167.4,0.0293885
167.467,0.0347496
167.533,0.0369931
167.6,0.0429902
167.667,0.047887
167.733,0.0482147
167.8,0.0491941
167.867,0.0489053
167.933,0.0493814
168,0.0505597
168.067,0.0501929
168.133,0.0505831
168.2,0.0514844
168.267,0.0521321
168.333,0.052058
168.4,0.0532793
168.467,0.0539231
168.533,0.0545201
168.6,0.0555189
168.667,0.0553863
168.733,0.0560145
168.8,0.0571499
168.867,0.0564437
168.933,0.0567168
169,0.056151
169.067,0.0548166
169.133,0.0538177
169.2,0.0530647
169.267,0.0548439
169.333,0.0553316
169.4,0.0542391
169.467,0.0548907
169.533,0.0552965
169.6,0.0546449
169.667,0.0552653
169.733,0.0559754
169.8,0.0566973
169.867,0.05802
169.933,0.0593934
170,0.061754
170.067,0.061079
170.133,0.0606108
170.2,0.0573294
170.267,0.0548517
170.333,0.0541884
170.4,0.0530101
170.467,0.051422
170.533,0.0494009
170.6,0.0443909
170.667,0.0396893
170.733,0.0389518
170.8,0.0340355
170.867,0.0296109
170.933,0.027617
171,0.023684
171.067,0.0198407
171.133,0.0178235
171.2,0.0159194
171.267,0.012439
171.333,0.0111397
171.4,0.00845913
171.467,0.00781143
171.533,0.00762415
171.6,0.00722226
171.667,0.00714422
171.733,0.00717544
171.8,0.00723006
171.867,0.00707009
171.933,0.00707789
172,0.0070974
172.067,0.00703497
172.133,0.00699986
172.2,0.00689841
172.267,0.00694913
172.333,0.00690231
172.4,0.00671892
172.467,0.00676965
172.533,0.00682037
172.6,0.00691402
172.667,0.00702327
172.733,0.00705058
172.8,0.0071052
172.867,0.00706228
172.933,0.00699986
173,0.00705448
173.067,0.0068828
173.133,0.0068867
173.2,0.00678916
173.267,0.00673453
173.333,0.00675404
173.4,0.00676575
173.467,0.00676184
173.533,0.00678916
173.6,0.00683208
173.667,0.006875
173.733,0.00685159
173.8,0.00691011
173.867,0.00686329
173.933,0.00689451
174,0.0068828
174.067,0.00701156
174.133,0.00697644
174.2,0.00691792
174.267,0.00692182
174.333,0.00693352
174.4,0.00696864
174.467,0.00697254
174.533,0.00701546
174.6,0.00700376
174.667,0.00701156
174.733,0.00698425
174.8,0.00711691
174.867,0.00715593
174.933,0.00716763
175,0.00814309
175.067,0.0134105
175.133,0.0164891
175.2,0.0224666
175.267,0.0257364
175.333,0.0264621
175.4,0.0285535
175.467,0.0298918
175.533,0.0301688
175.6,0.0313862
175.667,0.0315501
175.733,0.0314447
175.8,0.0312887
175.867,0.0336258
175.933,0.0361386
176,0.0425805
176.067,0.0505207
176.133,0.0525496
176.2,0.0591164
176.267,0.0670137
176.333,0.0721953
176.4,0.0792381
176.467,0.0849347
176.533,0.0851805
176.6,0.0872251
176.667,0.0898081
176.733,0.0897261
176.8,0.092196
176.867,0.0930973
176.933,0.095454
177,0.0967065
177.067,0.100928
177.133,0.102879
177.2,0.106664
177.267,0.107991
177.333,0.109813
177.4,0.113211
177.467,0.114507
177.533,0.11597
177.6,0.116032
177.667,0.112708
177.733,0.110499
177.8,0.10689
177.867,0.102454
177.933,0.101919
178,0.100526
178.067,0.0986691
178.133,0.0979824
178.2,0.0936201
178.267,0.0914546
178.333,0.0902685
178.4,0.0894881
178.467,0.0932885
178.533,0.0944473
178.6,0.0959729
178.667,0.0969757
178.733,0.0964958
178.8,0.0944278
178.867,0.0938777
178.933,0.0923599
179,0.0921492
179.067,0.0898276
179.133,0.0889692
179.2,0.0896091
179.267,0.0884151
179.333,0.0879742
179.4,0.0859024
179.467,0.0827068
179.533,0.0805725
179.6,0.0788557
179.667,0.076101
179.733,0.0748602
179.8,0.0719495
179.867,0.0702405
179.933,0.0675209
180,0.0621949
180.067,0.0572162
180.133,0.0543952
180.2,0.0495921
180.267,0.0448045
180.333,0.0433218
180.4,0.041886
180.467,0.03839
180.533,0.0359942
180.6,0.0314369
180.667,0.0287291
180.733,0.0276014
180.8,0.0281438
180.867,0.0282804
180.933,0.0283701
181,0.0280306
181.067,0.029049
181.133,0.0292363
181.2,0.029088
181.267,0.0289593
181.333,0.0286315
181.4,0.0283896
181.467,0.0282608
181.533,0.0281399
181.6,0.0278824
181.667,0.0278082
181.733,0.0277458
181.8,0.0284715
181.867,0.0288305
181.933,0.0309726
182,0.0343477
182.067,0.0378515
182.133,0.0398609
182.2,0.042959
182.267,0.0455498
182.333,0.0458619
182.4,0.0464979
182.467,0.0477192
182.533,0.0479806
182.6,0.0474929
182.667,0.0477426
182.733,0.0481055
182.8,0.0479494
182.867,0.0474968
182.933,0.0476568
183,0.0462911
183.067,0.0454249
183.133,0.045421
183.2,0.0460882
183.267,0.0452728
183.333,0.04562
183.4,0.0448943
183.467,0.0447031
183.533,0.0450152
183.6,0.0460687
183.667,0.0473407
183.733,0.0477114
183.8,0.0485074
183.867,0.0494633
183.933,0.0502983
184,0.0516444
184.067,0.0510591
184.133,0.05166
184.2,0.0523467
184.267,0.0530179
184.333,0.0535797
184.4,0.0545942
184.467,0.0548595
184.533,0.05484
184.6,0.0555774
184.667,0.0561822
184.733,0.0560769
184.8,0.0567558
184.867,0.0569314
184.933,0.0566895
185,0.056034
185.067,0.054961
185.133,0.0547425
185.2,0.0545435
185.267,0.0542938
185.333,0.054204
185.4,0.0546878
185.467,0.0543913
185.533,0.0546761
185.6,0.0544888
185.667,0.0539543
185.733,0.0537007
185.8,0.0530647
185.867,0.0519761
185.933,0.0522024
186,0.0519136
186.067,0.0513947
186.133,0.0520697
186.2,0.0521907
186.267,0.0514298
186.333,0.0517029
186.4,0.05182
186.467,0.0529476
186.533,0.05317
186.6,0.0535212
186.667,0.0538333
186.733,0.054044
186.8,0.0541221
186.867,0.0541221
186.933,0.0544381
187,0.054602
187.067,0.0553433
187.133,0.055238
187.2,0.0554994
187.267,0.0552848
187.333,0.0555111
187.4,0.0551522
187.467,0.0553199
187.533,0.0556204
187.6,0.0560027
187.667,0.05667
187.733,0.0571031
187.8,0.0571733
187.867,0.0568572
187.933,0.0568104
188,0.0571187
188.067,0.0574308
188.133,0.0579146
188.2,0.0581331
188.267,0.0579146
188.333,0.0582502
188.4,0.0582229
188.467,0.0582502
188.533,0.0584414
188.6,0.0585857
188.667,0.0584375
188.733,0.058773
188.8,0.0587379
188.867,0.0588901
188.933,0.059093
189,0.0591281
189.067,0.0582697
189.133,0.0582892
189.2,0.0581214
189.267,0.0576688
189.333,0.0577039
189.4,0.0575869
189.467,0.0576337
189.533,0.0574581
189.6,0.0571304
189.667,0.0576532
189.733,0.0577976
189.8,0.0579537
189.867,0.0582073
189.933,0.0581175
190,0.0591632
190.067,0.0609541
190.133,0.0615121
190.2,0.0636932
190.267,0.0653671
190.333,0.0660655
190.4,0.0661006
190.467,0.0640093
190.533,0.0634747
190.6,0.0619374
190.667,0.0605289
190.733,0.0579185
190.8,0.057306
190.867,0.0574425
190.933,0.0575284
191,0.0583555
191.067,0.0593232
191.133,0.0593895
191.2,0.0596587
191.267,0.0601153
191.333,0.0603884
191.4,0.0604703
191.467,0.0607044
191.533,0.0607122
191.6,0.0607044
191.667,0.060205
191.733,0.059928
191.8,0.060166
191.867,0.059569
191.933,0.0592764
192,0.0592764
192.067,0.0610868
192.133,0.0615433
192.2,0.0626436
192.267,0.0634123
192.333,0.0635176
192.4,0.062472
192.467,0.0628894
192.533,0.0630494
192.6,0.0638064
192.667,0.0650862
192.733,0.0653086
192.8,0.0651096
192.867,0.0648013
192.933,0.0648872
193,0.0639703
193.067,0.0640132
193.133,0.0645477
193.2,0.0649067
193.267,0.0649769
193.333,0.0651486
193.4,0.0646414
193.467,0.06422
193.533,0.0644424
193.6,0.0644112
193.667,0.0640366
193.733,0.064181
193.8,0.0641536
193.867,0.065094
193.933,0.0651447
194,0.0655466
194.067,0.0648521
194.133,0.065012
194.2,0.0649808
194.267,0.0653866
194.333,0.0655505
194.4,0.0654998
194.467,0.0656129
194.533,0.0654646
194.6,0.0650159
194.667,0.065211
194.733,0.06541
194.8,0.0655817
194.867,0.0660889
194.933,0.0665025
195,0.0667796
195.067,0.0665533
195.133,0.0664557
195.2,0.0661787
195.267,0.0665415
195.333,0.0665806
195.4,0.0676458
195.467,0.0680945
195.533,0.068274
195.6,0.0688787
195.667,0.0686251
195.733,0.067158
195.8,0.0676184
195.867,0.0674663
195.933,0.0677082
196,0.0684534
196.067,0.068551
196.133,0.0693509
196.2,0.071489
196.267,0.0735297
196.333,0.0751372
196.4,0.0794995
196.467,0.0845523
196.533,0.0873148
196.6,0.0925862
196.667,0.0970225
196.733,0.0986418
196.8,0.10238
196.867,0.106832
196.933,0.108627
197,0.112969
197.067,0.117328
197.133,0.119821
197.2,0.125338
197.267,0.131358
197.333,0.134745
197.4,0.140415
197.467,0.14528
197.533,0.147204
197.6,0.15205
197.667,0.157805
197.733,0.160517
197.8,0.1639
197.867,0.169366
197.933,0.171496
198,0.174918
198.067,0.178227
198.133,0.180849
198.2,0.186503
198.267,0.19129
198.333,0.193432
198.4,0.197752
198.467,0.202586
198.533,0.204463
198.6,0.208201
198.667,0.210663
198.733,0.212528
198.8,0.216281
198.867,0.220172
198.933,0.222236
199,0.225978
199.067,0.23096
199.133,0.232927
199.2,0.236352
199.267,0.240523
199.333,0.243489
199.4,0.24933
199.467,0.256369
199.533,0.260064
199.6,0.265398
199.667,0.270041
199.733,0.271215
199.8,0.274672
199.867,0.278184
199.933,0.279296
200,0.281707
200.067,0.284099
200.133,0.285968
200.2,0.287794
200.267,0.288726
200.333,0.289733
200.4,0.291481
200.467,0.292808
200.533,0.294579
200.6,0.296912
200.667,0.298196
200.733,0.297599
200.8,0.297747
200.867,0.300276
200.933,0.300701
201,0.305032
201.067,0.308794
201.133,0.310799
201.2,0.31179
201.267,0.314291
201.333,0.314369
201.4,0.316464
201.467,0.317764
201.533,0.318451
201.6,0.320319
201.667,0.322333
201.733,0.322817
201.8,0.323468
201.867,0.323273
201.933,0.321623
202,0.322224
202.067,0.321201
202.133,0.320518
202.2,0.319481
202.267,0.319785
202.333,0.319484
202.4,0.316699
202.467,0.316859
202.533,0.317026
202.6,0.318119
202.667,0.313405
202.733,0.313971
202.8,0.31568
202.867,0.316414
202.933,0.315907
203,0.317198
203.067,0.31726
203.133,0.316636
203.2,0.317393
203.267,0.318552
203.333,0.318529
203.4,0.319289
203.467,0.319153
203.533,0.31968
203.6,0.320468
203.667,0.320593
203.733,0.320979
203.8,0.320589
203.867,0.322918
203.933,0.323363
204,0.326972
204.067,0.325985
204.133,0.327725
204.2,0.330948
204.267,0.334643
204.333,0.334386
204.4,0.335018
204.467,0.335572
204.533,0.336703
204.6,0.33851
204.667,0.341323
204.733,0.342392
204.8,0.344593
204.867,0.344343
204.933,0.344202
205,0.342626
205.067,0.343375
205.133,0.343282
205.2,0.342934
205.267,0.343247
205.333,0.34318
205.4,0.342993
205.467,0.344273
205.533,0.343953
205.6,0.345642
205.667,0.347027
205.733,0.340625
205.8,0.341994
205.867,0.3432
205.933,0.343723
206,0.346497
206.067,0.351148
206.133,0.352408
206.2,0.356204
206.267,0.360582
206.333,0.360457
206.4,0.361386
206.467,0.361554
206.533,0.361722
206.6,0.361343
206.667,0.36169
206.733,0.361074
206.8,0.359568
206.867,0.357125
206.933,0.35647
207,0.354355
207.067,0.354058
207.133,0.353145
207.2,0.350129
207.267,0.349462
207.333,0.350129
207.4,0.348081
207.467,0.347039
207.533,0.347496
207.6,0.346309
207.667,0.34382
207.733,0.342661
207.8,0.342431
207.867,0.340742
207.933,0.341327
208,0.341339
208.067,0.339992
208.133,0.339672
208.2,0.339064
208.267,0.338475
208.333,0.33833
208.4,0.339001
208.467,0.340582
208.533,0.340703
208.6,0.341643
208.667,0.342228
208.733,0.341202
208.8,0.341846
208.867,0.341651
208.933,0.341803
209,0.344109
209.067,0.34492
209.133,0.34581
209.2,0.345677
209.267,0.346146
209.333,0.346575
209.4,0.347024
209.467,0.348569
209.533,0.348034
209.6,0.348701
209.667,0.350129
209.733,0.350399
209.8,0.351721
209.867,0.351717
209.933,0.351647
210,0.352837
210.067,0.353762
210.133,0.354191
210.2,0.355018
210.267,0.355791
210.333,0.355951
210.4,0.35638
210.467,0.358105
210.533,0.3586
210.6,0.359892
210.667,0.360672
210.733,0.358362
210.8,0.35972
210.867,0.360489
210.933,0.360664
211,0.360641
211.067,0.361542
211.133,0.361956
211.2,0.362358
211.267,0.363243
211.333,0.363528
211.4,0.36384
211.467,0.364948
211.533,0.364976
211.6,0.365854
211.667,0.366384
211.733,0.366314
211.8,0.366579
211.867,0.366759
211.933,0.366782
212,0.366973
212.067,0.36773
212.133,0.367801
212.2,0.365701
212.267,0.366696
212.333,0.367165
212.4,0.366037
212.467,0.368718
212.533,0.369841
212.6,0.371187
212.667,0.372296
212.733,0.373673
212.8,0.374703
212.867,0.376244
212.933,0.377169
213,0.378285
213.067,0.380189
213.133,0.380692
213.2,0.380848
213.267,0.381469
213.333,0.382167
213.4,0.382869
213.467,0.383662
213.533,0.383974
213.6,0.384813
213.667,0.3853
213.733,0.385062
213.8,0.38564
213.867,0.386198
213.933,0.386147
214,0.386514
214.067,0.38239
214.133,0.382963
214.2,0.383033
214.267,0.38381
214.333,0.383849
214.4,0.383978
214.467,0.38413
214.533,0.38427
214.6,0.384629
214.667,0.384852
214.733,0.384953
214.8,0.385054
214.867,0.385175
214.933,0.385402
215,0.385406
215.067,0.38569
215.133,0.386061
215.2,0.386935
215.267,0.387626
215.333,0.387743
215.4,0.387965
215.467,0.387591
215.533,0.387665
215.6,0.387708
215.667,0.387489
215.733,0.38422
215.8,0.3845
215.867,0.384926
215.933,0.384887
216,0.385866
216.067,0.38548
216.133,0.385687
216.2,0.385917
216.267,0.385792
216.333,0.386049
216.4,0.385956
216.467,0.386221
216.533,0.386596
216.6,0.387025
216.667,0.387762
216.733,0.387739
216.8,0.388012
216.867,0.388781
216.933,0.389085
217,0.388679
217.067,0.388679
217.133,0.3888
217.2,0.389159
217.267,0.389538
217.333,0.39015
217.4,0.392234
217.467,0.392324
217.533,0.392644
217.6,0.393217
217.667,0.393951
217.733,0.39404
217.8,0.394056
217.867,0.394239
217.933,0.394282
218,0.395195
218.067,0.395297
218.133,0.395067
218.2,0.395
218.267,0.395328
218.333,0.395371
218.4,0.39523
218.467,0.395312
218.533,0.395515
218.6,0.395215
218.667,0.395129
218.733,0.394899
218.8,0.394969
218.867,0.394903
218.933,0.394661
219,0.394825
219.067,0.386869
219.133,0.386607
219.2,0.387626
219.267,0.387829
219.333,0.387552
219.4,0.387957
219.467,0.388285
219.533,0.388476
219.6,0.389112
219.667,0.38875
219.733,0.388882
219.8,0.388886
219.867,0.389237
219.933,0.388785
220,0.388523
220.067,0.388266
220.133,0.388172
220.2,0.388539
220.267,0.388738
220.333,0.388644
220.4,0.388449
220.467,0.388472
220.533,0.38827
220.6,0.388441
220.667,0.389058
220.733,0.387669
220.8,0.386881
220.867,0.386471
220.933,0.386939
221,0.387193
221.067,0.386752
221.133,0.386892
221.2,0.387072
221.267,0.386514
221.333,0.385874
221.4,0.384824
221.467,0.384508
221.533,0.38452
221.6,0.383747
221.667,0.384301
221.733,0.384738
221.8,0.385679
221.867,0.385702
221.933,0.386506
222,0.386405
222.067,0.386467
222.133,0.386697
222.2,0.385792
222.267,0.385355
222.333,0.3853
222.4,0.380306
222.467,0.380532
222.533,0.381527
222.6,0.382269
222.667,0.382175
222.733,0.382596
222.8,0.383474
222.867,0.38406
222.933,0.383837
223,0.383076
223.067,0.38267
223.133,0.383061
223.2,0.382269
223.267,0.381777
223.333,0.382042
223.4,0.381781
223.467,0.381246
223.533,0.381317
223.6,0.38205
223.667,0.382869
223.733,0.383131
223.8,0.383626
223.867,0.384582
223.933,0.384578
224,0.384617
224.067,0.38379
224.133,0.383919
224.2,0.384005
224.267,0.383833
224.333,0.38356
224.4,0.383412
224.467,0.383287
224.533,0.382807
224.6,0.382366
224.667,0.38175
224.733,0.381297
224.8,0.381141
224.867,0.380759
224.933,0.380626
225,0.381137
225.067,0.380665
225.133,0.380751
225.2,0.380665
225.267,0.380521
225.333,0.380259
225.4,0.380244
225.467,0.380197
225.533,0.380302
225.6,0.380575
225.667,0.380922
225.733,0.377161
225.8,0.377333
225.867,0.377926
225.933,0.378324
226,0.37912
226.067,0.379397
226.133,0.379783
226.2,0.379732
226.267,0.379576
226.333,0.379389
226.4,0.379034
226.467,0.378964
226.533,0.37903
226.6,0.37928
226.667,0.379768
226.733,0.379998
226.8,0.380712
226.867,0.381594
226.933,0.382245
227,0.383201
227.067,0.3845
227.133,0.384922
227.2,0.385714
227.267,0.386081
227.333,0.386096
227.4,0.385097
227.467,0.385199
227.533,0.385975
227.6,0.385913
227.667,0.386186
227.733,0.38619
227.8,0.386287
227.867,0.386865
227.933,0.386955
228,0.38708
228.067,0.387337
228.133,0.387645
228.2,0.387665
228.267,0.387688
228.333,0.387751
228.4,0.387766
228.467,0.387903
228.533,0.387762
228.6,0.387915
228.667,0.387977
228.733,0.387981
228.8,0.3885
228.867,0.388933
228.933,0.389132
229,0.389514
229.067,0.396089
229.133,0.396331
229.2,0.396428
229.267,0.396452
229.333,0.396479
229.4,0.396834
229.467,0.396811
229.533,0.396483
229.6,0.396339
229.667,0.396538
229.733,0.396584
229.8,0.396701
229.867,0.396651
229.933,0.396877
230,0.396916
230.067,0.397267
230.133,0.397696
230.2,0.397708
230.267,0.397876
230.333,0.39795
230.4,0.397981
230.467,0.397747
230.533,0.397771
230.6,0.397728
230.667,0.397794
230.733,0.397408
230.8,0.397692
230.867,0.398157
230.933,0.398009
231,0.398524
231.067,0.398925
231.133,0.398972
231.2,0.398777
231.267,0.397774
231.333,0.397189
231.4,0.396296
231.467,0.395539
231.533,0.395351
231.6,0.394364
231.667,0.393287
231.733,0.39349
231.8,0.393361
231.867,0.393408
231.933,0.393287
232,0.393385
232.067,0.393549
232.133,0.393416
232.2,0.393486
232.267,0.393599
232.333,0.393685
232.4,0.389616
232.467,0.389627
232.533,0.389772
232.6,0.390181
232.667,0.389943
232.733,0.39001
232.8,0.390384
232.867,0.390657
232.933,0.390642
233,0.390884
233.067,0.390841
233.133,0.391325
233.2,0.391438
233.267,0.391656
233.333,0.391734
233.4,0.391957
233.467,0.392324
233.533,0.392226
233.6,0.392238
233.667,0.39214
233.733,0.392296
233.8,0.392105
233.867,0.392043
233.933,0.391957
234,0.391816
234.067,0.391212
234.133,0.391016
234.2,0.391403
234.267,0.39161
234.333,0.391395
234.4,0.391403
234.467,0.391383
234.533,0.391446
234.6,0.3915
234.667,0.391516
234.733,0.391516
234.8,0.391379
234.867,0.391453
234.933,0.391196
235,0.391247
235.067,0.391309
235.133,0.391305
235.2,0.391009
235.267,0.391235
235.333,0.391391
235.4,0.391321
235.467,0.391434
235.533,0.391465
235.6,0.391555
235.667,0.391477
235.733,0.38809
235.8,0.388558
235.867,0.388874
235.933,0.388843
236,0.388785
236.067,0.388714
236.133,0.38896
236.2,0.389889
236.267,0.390618
236.333,0.390977
236.4,0.39232
236.467,0.393416
236.533,0.39404
236.6,0.394743
236.667,0.395726
236.733,0.396284
236.8,0.396424
236.867,0.39658
236.933,0.396846
237,0.396885
237.067,0.397435
237.133,0.397626
237.2,0.39722
237.267,0.397252
237.333,0.396893
237.4,0.394918
237.467,0.394907
237.533,0.39525
237.6,0.394879
237.667,0.394688
237.733,0.394641
237.8,0.394485
237.867,0.394501
237.933,0.394438
238,0.392811
238.067,0.392963
238.133,0.393685
238.2,0.393798
238.267,0.393986
238.333,0.393962
238.4,0.394247
238.467,0.394602
238.533,0.394973
238.6,0.39555
238.667,0.395921
238.733,0.396409
238.8,0.39715
238.867,0.397431
238.933,0.397603
239,0.39804
239.067,0.398524
239.133,0.398875
239.2,0.399085
239.267,0.399105
239.333,0.399448
239.4,0.399491
239.467,0.399281
239.533,0.398972
239.6,0.398855
239.667,0.396237
239.733,0.395948
239.8,0.395902
239.867,0.395628
239.933,0.39452
240,0.393467
240.067,0.393287
240.133,0.392757
240.2,0.392468
240.267,0.392601
240.333,0.393014
240.4,0.393256
240.467,0.39358
240.533,0.394368
240.6,0.395008
240.667,0.395269
240.733,0.395745
240.8,0.396748
240.867,0.397189
240.933,0.397989
241,0.398656
241.067,0.399202
241.133,0.399792
241.2,0.400139
241.267,0.400763
241.333,0.398438
241.4,0.400974
241.467,0.401696
241.533,0.402687
241.6,0.402328
241.667,0.402933
241.733,0.402265
241.8,0.401622
241.867,0.401684
241.933,0.40127
242,0.401181
242.067,0.40088
242.133,0.400865
242.2,0.401715
242.267,0.401727
242.333,0.401731
242.4,0.4017
242.467,0.401645
242.533,0.401544
242.6,0.401259
242.667,0.401594
242.733,0.401235
242.8,0.40049
242.867,0.400471
242.933,0.400197
243,0.395429
243.067,0.395898
243.133,0.396506
243.2,0.396495
243.267,0.396612
243.333,0.396339
243.4,0.396463
243.467,0.396834
243.533,0.396928
243.6,0.39683
243.667,0.396885
243.733,0.395831
243.8,0.395106
243.867,0.394848
243.933,0.394739
244,0.394669
244.067,0.394825
244.133,0.394969
244.2,0.395004
244.267,0.395137
244.333,0.394934
244.4,0.394727
244.467,0.394567
244.533,0.394489
244.6,0.394509
244.667,0.392039
244.733,0.392179
244.8,0.392366
244.867,0.392234
244.933,0.391754
245,0.390657
245.067,0.39129
245.133,0.391547
245.2,0.391114
245.267,0.391516
245.333,0.39232
245.4,0.392827
245.467,0.392737
245.533,0.393201
245.6,0.392928
245.667,0.393018
245.733,0.393978
245.8,0.394981
245.867,0.394731
245.933,0.394774
246,0.394649
246.067,0.394762
246.133,0.394735
246.2,0.394727
246.267,0.394852
246.333,0.393104
246.4,0.392741
246.467,0.393303
246.533,0.392562
246.6,0.392558
246.667,0.392807
246.733,0.392889
246.8,0.39317
246.867,0.39301
246.933,0.393428
247,0.393627
247.067,0.393759
247.133,0.393943
247.2,0.393599
247.267,0.39342
247.333,0.393631
247.4,0.393217
247.467,0.39342
247.533,0.393065
247.6,0.392761
247.667,0.39271
247.733,0.392803
247.8,0.392327
247.867,0.392737
247.933,0.392265
248,0.390103
248.067,0.390217
248.133,0.39031
248.2,0.390587
248.267,0.390181
248.333,0.391067
248.4,0.390993
248.467,0.391239
248.533,0.391032
248.6,0.39056
248.667,0.390517
248.733,0.390295
248.8,0.39017
248.867,0.390076
248.933,0.389491
249,0.389713
249.067,0.390341
249.133,0.3901
249.2,0.389834
249.267,0.3901
249.333,0.389702
249.4,0.389503
249.467,0.389573
249.533,0.388952
249.6,0.38866
249.667,0.387165
249.733,0.386662
249.8,0.38681
249.867,0.386549
249.933,0.386311
250,0.385964
250.067,0.385702
250.133,0.38571
250.2,0.385324
250.267,0.385015
250.333,0.385027
250.4,0.384844
250.467,0.384696
250.533,0.384898
250.6,0.384001
250.667,0.383989
250.733,0.383997
250.8,0.38372
250.867,0.383427
250.933,0.383455
251,0.382842
251.067,0.382725
251.133,0.38132
251.2,0.381742
251.267,0.381785
251.333,0.37846
251.4,0.378886
251.467,0.378706
251.533,0.380825
251.6,0.382393
251.667,0.382503
251.733,0.382031
251.8,0.382897
251.867,0.38285
251.933,0.383232
252,0.383993
252.067,0.386245
252.133,0.387712
252.2,0.388543
252.267,0.388757
252.333,0.389776
252.4,0.390896
252.467,0.391215
252.533,0.392292
252.6,0.393002
252.667,0.393143
252.733,0.393845
252.8,0.395008
252.867,0.395355
252.933,0.395944
253,0.394548
253.067,0.395433
253.133,0.396307
253.2,0.397025
253.267,0.397677
253.333,0.398176
253.4,0.398976
253.467,0.39953
253.533,0.399632
253.6,0.399913
253.667,0.400447
253.733,0.400724
253.8,0.401021
253.867,0.400966
253.933,0.400724
254,0.400705
254.067,0.401668
254.133,0.40223
254.2,0.402663
254.267,0.403374
254.333,0.403377
254.4,0.40358
254.467,0.404532
254.533,0.406198
254.6,0.40717
254.667,0.420382
254.733,0.42078
254.8,0.420815
254.867,0.420526
254.933,0.420678
255,0.420561
255.067,0.420865
255.133,0.421263
255.2,0.421782
255.267,0.422067
255.333,0.422723
255.4,0.423526
255.467,0.424061
255.533,0.42467
255.6,0.425875
255.667,0.426422
255.733,0.42735
255.8,0.427658
255.867,0.427932
255.933,0.428486
256,0.428911
256.067,0.42918
256.133,0.429535
256.2,0.429925
256.267,0.430046
256.333,0.4292
256.4,0.428568
256.467,0.429055
256.533,0.429211
256.6,0.4292
256.667,0.429605
256.733,0.42957
256.8,0.429461
256.867,0.429434
256.933,0.429297
257,0.428825
257.067,0.428646
257.133,0.42838
257.2,0.428119
257.267,0.428013
257.333,0.427565
257.4,0.427459
257.467,0.427097
257.533,0.426944
257.6,0.426523
257.667,0.42639
257.733,0.425918
257.8,0.425516
257.867,0.425477
257.933,0.42559
258,0.424276
258.067,0.424244
258.133,0.425036
258.2,0.42467
258.267,0.425044
258.333,0.425165
258.4,0.425165
258.467,0.425345
258.533,0.425906
258.6,0.426215
258.667,0.426367
258.733,0.426663
258.8,0.426242
258.867,0.425899
258.933,0.425551
259,0.425871
259.067,0.426359
259.133,0.426113
259.2,0.42657
259.267,0.426847
259.333,0.426609
259.4,0.426457
259.467,0.426031
259.533,0.425368
259.6,0.425044
259.667,0.424603
259.733,0.424119
259.8,0.424857
259.867,0.426059
259.933,0.425594
260,0.423963
260.067,0.423729
260.133,0.424377
260.2,0.426031
260.267,0.426445
260.333,0.426823
260.4,0.428068
260.467,0.427506
260.533,0.427748
260.6,0.427924
260.667,0.428056
260.733,0.428372
260.8,0.427877
260.867,0.427666
260.933,0.427362
261,0.427518
261.067,0.427288
261.133,0.427264
261.2,0.427452
261.267,0.427752
261.333,0.424779
261.4,0.425302
261.467,0.425384
261.533,0.425555
261.6,0.426215
261.667,0.426492
261.733,0.426769
261.8,0.426687
261.867,0.427007
261.933,0.426835
262,0.42641
262.067,0.426956
262.133,0.426211
262.2,0.427651
262.267,0.42737
262.333,0.427264
262.4,0.427974
262.467,0.427807
262.533,0.428302
262.6,0.428294
262.667,0.428189
262.733,0.428556
262.8,0.428692
262.867,0.429406
262.933,0.429898
263,0.429941
263.067,0.430589
263.133,0.43124
263.2,0.431072
263.267,0.431443
263.333,0.432138
263.4,0.433016
263.467,0.433152
263.533,0.433121
263.6,0.433168
263.667,0.433176
263.733,0.433449
263.8,0.433312
263.867,0.433164
263.933,0.433437
264,0.433055
264.067,0.433055
264.133,0.433203
264.2,0.432239
264.267,0.432938
264.333,0.432781
264.4,0.433616
264.467,0.434108
264.533,0.43403
264.6,0.434397
264.667,0.43412
264.733,0.433804
264.8,0.433815
264.867,0.43355
264.933,0.433843
265,0.433429
265.067,0.433421
265.133,0.433117
265.2,0.432446
265.267,0.432313
265.333,0.431615
265.4,0.430698
265.467,0.428825
265.533,0.428212
265.6,0.425961
265.667,0.426613
265.733,0.426816
265.8,0.429434
265.867,0.429504
265.933,0.431494
266,0.432742
266.067,0.43348
266.133,0.433593
266.2,0.433663
266.267,0.433589
266.333,0.432575
266.4,0.431939
266.467,0.432411
266.533,0.432501
266.6,0.433152
266.667,0.433308
266.733,0.433741
266.8,0.433964
266.867,0.434026
266.933,0.433933
267,0.434167
267.067,0.4338
267.133,0.433714
267.2,0.433585
267.267,0.433304
267.333,0.433117
267.4,0.433285
267.467,0.433835
267.533,0.43396
267.6,0.434011
267.667,0.433936
267.733,0.433765
267.8,0.433878
267.867,0.4341
267.933,0.433913
268,0.432348
268.067,0.432458
268.133,0.432286
268.2,0.432524
268.267,0.432762
268.333,0.432227
268.4,0.432754
268.467,0.432735
268.533,0.432641
268.6,0.431669
268.667,0.431787
268.733,0.432493
268.8,0.432711
268.867,0.43286
268.933,0.432832
269,0.433101
269.067,0.433246
269.133,0.433297
269.2,0.433644
269.267,0.432988
269.333,0.432582
269.4,0.433531
269.467,0.433394
269.533,0.433168
269.6,0.43268
269.667,0.430647
269.733,0.430198
269.8,0.430522
269.867,0.430877
269.933,0.430858
270,0.431065
270.067,0.43119
270.133,0.431096
270.2,0.430866
270.267,0.431186
270.333,0.430756
270.4,0.431014
270.467,0.430827
270.533,0.430936
270.6,0.431088
270.667,0.431229
270.733,0.430889
270.8,0.430655
270.867,0.430351
270.933,0.430717
271,0.430655
271.067,0.430831
271.133,0.430608
271.2,0.430745
271.267,0.430768
271.333,0.435275
271.4,0.434592
271.467,0.434409
271.533,0.433687
271.6,0.433499
271.667,0.433375
271.733,0.433371
271.8,0.433148
271.867,0.433343
271.933,0.432696
272,0.433261
272.067,0.433258
272.133,0.433542
272.2,0.433453
272.267,0.433101
272.333,0.433031
272.4,0.432891
272.467,0.433457
272.533,0.433788
272.6,0.433706
272.667,0.433437
272.733,0.433734
272.8,0.433695
272.867,0.433741
272.933,0.433933
273,0.432637
273.067,0.432934
273.133,0.432867
273.2,0.433055
273.267,0.433655
273.333,0.433581
273.4,0.433609
273.467,0.434034
273.533,0.434104
273.6,0.434689
273.667,0.435072
273.733,0.435868
273.8,0.436118
273.867,0.436398
273.933,0.436032
274,0.436118
274.067,0.435333
274.133,0.435255
274.2,0.435208
274.267,0.43449
274.333,0.434358
274.4,0.433964
274.467,0.433866
274.533,0.434014
274.6,0.433933
274.667,0.432723
274.733,0.432828
274.8,0.432887
274.867,0.433336
274.933,0.433375
275,0.433523
275.067,0.433019
275.133,0.432961
275.2,0.433234
275.267,0.43355
275.333,0.433258
275.4,0.432758
275.467,0.431896
275.533,0.432446
275.6,0.43227
275.667,0.432329
275.733,0.432255
275.8,0.432122
275.867,0.431385
275.933,0.432142
276,0.431915
276.067,0.433433
276.133,0.434924
276.2,0.436047
276.267,0.438006
276.333,0.43595
276.4,0.435462
276.467,0.436781
276.533,0.438431
276.6,0.439212
276.667,0.440562
276.733,0.4411
276.8,0.441389
276.867,0.441982
276.933,0.442407
277,0.442489
277.067,0.442591
277.133,0.443617
277.2,0.443789
277.267,0.444612
277.333,0.444421
277.4,0.444296
277.467,0.444362
277.533,0.445369
277.6,0.445884
277.667,0.446465
277.733,0.447882
277.8,0.448623
277.867,0.451081
277.933,0.453274
278,0.453949
278.067,0.45556
278.133,0.457492
278.2,0.45876
278.267,0.461581
278.333,0.465869
278.4,0.467059
278.467,0.471331
278.533,0.473817
278.6,0.475861
278.667,0.475526
278.733,0.478007
278.8,0.477937
278.867,0.479311
278.933,0.481745
279,0.483759
279.067,0.4829
279.133,0.484879
279.2,0.485031
279.267,0.485948
279.333,0.484722
279.4,0.48608
279.467,0.485249
279.533,0.485924
279.6,0.486111
279.667,0.480575
279.733,0.480945
279.8,0.48155
279.867,0.48363
279.933,0.485464
280,0.486716
280.067,0.491051
280.133,0.494828
280.2,0.49482
280.267,0.498102
280.333,0.502203
280.4,0.504442
280.467,0.506167
280.533,0.505859
280.6,0.50731
280.667,0.509413
280.733,0.512874
280.8,0.513569
280.867,0.51623
280.933,0.518317
281,0.519121
281.067,0.522484
281.133,0.524989
281.2,0.526651
281.267,0.526043
281.333,0.521462
281.4,0.522398
281.467,0.522562
281.533,0.523651
281.6,0.523077
281.667,0.521384
281.733,0.517615
281.8,0.514283
281.867,0.510572
281.933,0.50571
282,0.506182
282.067,0.501434
282.133,0.498297
282.2,0.498383
282.267,0.494969
282.333,0.492827
282.4,0.492897
282.467,0.490045
282.533,0.487731
282.6,0.486603
282.667,0.459041
282.733,0.456782
282.8,0.45469
282.867,0.431346
282.933,0.428973
283,0.423265
283.067,0.422106
283.133,0.417412
283.2,0.416468
283.267,0.398847
283.333,0.393237
283.4,0.39161
283.467,0.388972
283.533,0.38857
283.6,0.387357
283.667,0.373856
283.733,0.374609
283.8,0.376236
283.867,0.379264
283.933,0.383841
284,0.384961
284.067,0.382214
284.133,0.383685
284.2,0.380821
284.267,0.378496
284.333,0.378441
284.4,0.376611
284.467,0.376545
284.533,0.377255
284.6,0.377579
284.667,0.376416
284.733,0.379409
284.8,0.378324
284.867,0.376689
284.933,0.380166
285,0.382054
285.067,0.384227
285.133,0.383747
285.2,0.384063
285.267,0.384118
285.333,0.38658
285.4,0.38509
285.467,0.387622
285.533,0.390142
285.6,0.390751
285.667,0.391274
285.733,0.395496
285.8,0.396822
285.867,0.399585
285.933,0.403974
286,0.403042
286.067,0.404388
286.133,0.410174
286.2,0.401625
286.267,0.401945
286.333,0.393525
286.4,0.39502
286.467,0.393853
286.533,0.393139
286.6,0.393541
286.667,0.391102
286.733,0.389908
286.8,0.389105
286.867,0.388695
286.933,0.385484
287,0.384543
287.067,0.379885
287.133,0.377879
287.2,0.374691
287.267,0.37253
287.333,0.370969
287.4,0.366525
287.467,0.366455
287.533,0.364886
287.6,0.364878
287.667,0.362018
287.733,0.3618
287.8,0.361179
287.867,0.35398
287.933,0.350562
288,0.339832
288.067,0.343851
288.133,0.346313
288.2,0.340453
288.267,0.340784
288.333,0.338611
288.4,0.336809
288.467,0.337987
288.533,0.332509
288.6,0.331237
288.667,0.328736
288.733,0.326539
288.8,0.32405
288.867,0.324877
288.933,0.321888
289,0.320097
289.067,0.320101
289.133,0.317573
289.2,0.315778
289.267,0.315099
289.333,0.312469
289.4,0.310846
289.467,0.307362
289.533,0.307483
289.6,0.307662
289.667,0.291805
289.733,0.294443
289.8,0.295402
289.867,0.299261
289.933,0.301095
290,0.302672
290.067,0.308134
290.133,0.315138
290.2,0.315653
290.267,0.321244
290.333,0.321603
290.4,0.322426
290.467,0.3241
290.533,0.325458
290.6,0.325489
290.667,0.322579
290.733,0.323398
290.8,0.324409
290.867,0.326129
290.933,0.329118
291,0.329149
291.067,0.330847
291.133,0.332677
291.2,0.331998
291.267,0.333593
291.333,0.329278
291.4,0.33039
291.467,0.333941
291.533,0.336469
291.6,0.336676
291.667,0.336715
291.733,0.338045
291.8,0.338724
291.867,0.340266
291.933,0.341073
292,0.339665
292.067,0.340695
292.133,0.341456
292.2,0.340246
292.267,0.341222
292.333,0.340047
292.4,0.338475
292.467,0.336785
292.533,0.331799
292.6,0.331303
292.667,0.329333
292.733,0.324057
292.8,0.322477
292.867,0.317783
292.933,0.310764
293,0.312742
293.067,0.305766
293.133,0.298064
293.2,0.295477
293.267,0.287443
293.333,0.283077
293.4,0.28033
293.467,0.273927
293.533,0.265811
293.6,0.265199
293.667,0.262042
293.733,0.260009
293.8,0.259767
293.867,0.258417
293.933,0.254301
294,0.254703
294.067,0.255237
294.133,0.25443
294.2,0.253626
294.267,0.255233
294.333,0.253368
294.4,0.255366
294.467,0.259334
294.533,0.261851
294.6,0.262374
294.667,0.259732
294.733,0.266221
294.8,0.268683
294.867,0.268316
294.933,0.269619
295,0.269561
295.067,0.267743
295.133,0.260719
295.2,0.259642
295.267,0.258019
295.333,0.257114
295.4,0.256931
295.467,0.254636
295.533,0.251987
295.6,0.250976
295.667,0.247691
295.733,0.243454
295.8,0.243563
295.867,0.244125
295.933,0.245233
296,0.244566
296.067,0.244812
296.133,0.244261
296.2,0.244398
296.267,0.242115
296.333,0.240769
296.4,0.242225
296.467,0.24391
296.533,0.24773
296.6,0.250836
296.667,0.254355
296.733,0.257621
296.8,0.258405
296.867,0.254773
296.933,0.255136
297,0.256162
297.067,0.25228
297.133,0.250017
297.2,0.249349
297.267,0.247718
297.333,0.245128
297.4,0.243836
297.467,0.24393
297.533,0.240051
297.6,0.239431
297.667,0.23437
297.733,0.22849
297.8,0.22586
297.867,0.223293
297.933,0.221026
298,0.213336
298.067,0.215193
298.133,0.220367
298.2,0.224229
298.267,0.229825
298.333,0.233719
298.4,0.228163
298.467,0.227909
298.533,0.227995
298.6,0.223043
298.667,0.220215
298.733,0.219329
298.8,0.218174
298.867,0.209972
298.933,0.204873
299,0.204166
299.067,0.206301
299.133,0.19973
299.2,0.197057
299.267,0.198782
299.333,0.196776
299.4,0.196866
299.467,0.196788
299.533,0.201205
299.6,0.201431
299.667,0.202364
299.733,0.208513
299.8,0.211201
299.867,0.218053
299.933,0.228315
300,0.233122
300.067,0.243302
300.133,0.251133
300.2,0.255499
300.267,0.270844
300.333,0.281594
300.4,0.283377
300.467,0.293822
300.533,0.299851
300.6,0.302898
300.667,0.315056
300.733,0.322266
300.8,0.323784
300.867,0.333047
300.933,0.33899
301,0.33881
301.067,0.349318
301.133,0.355553
301.2,0.357882
301.267,0.356829
301.333,0.35631
301.4,0.357547
301.467,0.356325
301.533,0.350699
301.6,0.348342
301.667,0.35544
301.733,0.354511
301.8,0.354784
301.867,0.357734
301.933,0.36997
302,0.373486
302.067,0.374348
302.133,0.372452
302.2,0.369467
302.267,0.364051
302.333,0.356162
302.4,0.34876
302.467,0.340589
302.533,0.334542
302.6,0.330437
302.667,0.320495
302.733,0.312547
302.8,0.310089
302.867,0.305902
302.933,0.297252
303,0.295071
303.067,0.291704
303.133,0.28875
303.2,0.286225
303.267,0.281816
303.333,0.27994
303.4,0.278211
303.467,0.273256
303.533,0.271051
303.6,0.269229
303.667,0.270294
303.733,0.268933
303.8,0.265511
303.867,0.256814
303.933,0.254184
304,0.254753
304.067,0.254906
304.133,0.254578
304.2,0.253735
304.267,0.253887
304.333,0.251897
304.4,0.249486
304.467,0.250637
304.533,0.253821
304.6,0.254999
304.667,0.257652
304.733,0.256345
304.8,0.257013
304.867,0.257368
304.933,0.259518
305,0.258987
305.067,0.260356
305.133,0.262557
305.2,0.260887
305.267,0.254867
305.333,0.249942
305.4,0.24711
305.467,0.241538
305.533,0.238456
305.6,0.238026
305.667,0.23686
305.733,0.237027
305.8,0.237074
305.867,0.237371
305.933,0.240504
306,0.240894
306.067,0.241245
306.133,0.246111
306.2,0.245217
306.267,0.246052
306.333,0.246926
306.4,0.248799
306.467,0.248542
306.533,0.246286
306.6,0.246528
306.667,0.242357
306.733,0.240422
306.8,0.240047
306.867,0.236555
306.933,0.232642
307,0.232583
307.067,0.230293
307.133,0.227811
307.2,0.2265
307.267,0.224588
307.333,0.225096
307.4,0.225139
307.467,0.224007
307.533,0.219984
307.6,0.219809
307.667,0.216882
307.733,0.21387
307.8,0.212848
307.867,0.210241
307.933,0.209083
308,0.205938
308.067,0.203714
308.133,0.200858
308.2,0.200296
308.267,0.198485
308.333,0.198267
308.4,0.198435
308.467,0.197112
308.533,0.194037
308.6,0.193187
308.667,0.192258
308.733,0.194568
308.8,0.193354
308.867,0.192921
308.933,0.190272
309,0.189437
309.067,0.188594
309.133,0.189269
309.2,0.188528
309.267,0.191661
309.333,0.191041
309.4,0.192317
309.467,0.193791
309.533,0.196382
309.6,0.196663
309.667,0.199562
309.733,0.203702
309.8,0.205446
309.867,0.206847
309.933,0.20833
310,0.209247
310.067,0.208907
310.133,0.206445
310.2,0.20682
310.267,0.205536
310.333,0.201981
310.4,0.202231
310.467,0.204549
310.533,0.203975
310.6,0.202906
310.667,0.192937
310.733,0.188017
310.8,0.185808
310.867,0.183682
310.933,0.181173
311,0.179655
311.067,0.177341
311.133,0.173756
311.2,0.171957
311.267,0.166463
311.333,0.162792
311.4,0.161477
311.467,0.158909
311.533,0.1561
311.6,0.152296
311.667,0.145112
311.733,0.136146
311.8,0.13313
311.867,0.129458
311.933,0.128198
312,0.12613
312.067,0.123961
312.133,0.127359
312.2,0.128151
312.267,0.132787
312.333,0.136087
312.4,0.138257
312.467,0.141519
312.533,0.142229
312.6,0.14276
312.667,0.145448
312.733,0.147711
312.8,0.147789
312.867,0.148199
312.933,0.146685
313,0.142619
313.067,0.140844
313.133,0.137597
313.2,0.135838
313.267,0.135779
313.333,0.135658
313.4,0.135666
313.467,0.137785
313.533,0.141445
313.6,0.141971
313.667,0.143314
313.733,0.144629
313.8,0.146224
313.867,0.152023
313.933,0.155046
314,0.156225
314.067,0.162429
314.133,0.169464
314.2,0.171481
314.267,0.177646
314.333,0.182788
314.4,0.185812
314.467,0.191532
314.533,0.198399
314.6,0.200588
314.667,0.197264
314.733,0.198918
314.8,0.198895
314.867,0.198474
314.933,0.201517
315,0.20213
315.067,0.201981
315.133,0.203425
315.2,0.204256
315.267,0.205879
315.333,0.207417
315.4,0.207604
315.467,0.207374
315.533,0.210577
315.6,0.209551
315.667,0.207616
315.733,0.206905
315.8,0.206246
315.867,0.204884
315.933,0.201755
316,0.201907
316.067,0.201564
316.133,0.20003
316.2,0.200471
316.267,0.202161
316.333,0.199909
316.4,0.197685
316.467,0.191056
316.533,0.187689
316.6,0.186979
316.667,0.182784
316.733,0.176662
316.8,0.17264
316.867,0.166604
316.933,0.158531
317,0.156467
317.067,0.151059
317.133,0.145819
317.2,0.143372
317.267,0.138518
317.333,0.13169
317.4,0.128846
317.467,0.12583
317.533,0.122178
317.6,0.120332
317.667,0.117015
317.733,0.11375
317.8,0.113777
317.867,0.110027
317.933,0.105981
318,0.104143
318.067,0.101119
318.133,0.098314
318.2,0.0968352
318.267,0.0932222
318.333,0.0901631
318.4,0.0879703
318.467,0.0821605
318.533,0.0767448
318.6,0.0735453
318.667,0.0670293
318.733,0.0638493
318.8,0.0615316
318.867,0.0571811
318.933,0.0534705
319,0.0515859
319.067,0.0479533
319.133,0.0446602
319.2,0.0425337
319.267,0.0371297
319.333,0.031792
319.4,0.0295211
319.467,0.0249989
319.533,0.0200748
319.6,0.0191306
319.667,0.0158882
319.733,0.0141012
319.8,0.0135861
319.867,0.0112919
319.933,0.00862691
320,0.00733931
320.067,0.00464706
320.133,0.00395254
320.2,0.00394864
320.267,0.00401497
320.333,0.00402277
320.4,0.00411251
320.467,0.00422957
320.533,0.00443246
320.6,0.00449879
320.667,0.0047368
320.733,0.00485386
320.8,0.00490068
320.867,0.00464316
320.933,0.0047368
321,0.00477972
321.067,0.00476802
321.133,0.00455732
321.2,0.00452611
321.267,0.00434662
321.333,0.0045066
321.4,0.00458853
321.467,0.00438174
321.533,0.00462365
321.6,0.00483045
321.667,0.00497091
321.733,0.00502944
321.8,0.00512698
321.867,0.00551717
321.933,0.00520502
322,0.00524404
322.067,0.00540401
322.133,0.00533378
322.2,0.00513479
322.267,0.00568494
322.333,0.00561471
322.4,0.00579419
322.467,0.00571226
322.533,0.00584882
322.6,0.00607122
322.667,0.00605562
322.733,0.00588784
322.8,0.00603611
322.867,0.00627802
322.933,0.0064575
323,0.00664089
323.067,0.00678526
323.133,0.0066604
323.2,0.00628192
323.267,0.00641458
323.333,0.00622339
323.4,0.00646141
323.467,0.00699205
323.533,0.00707009
323.6,0.00698035
323.667,0.00695694
323.733,0.00675794
323.8,0.00633265
323.867,0.00639507
323.933,0.00642629
324,0.00613365
324.067,0.00590345
324.133,0.00595027
324.2,0.00586443
324.267,0.00576298
324.333,0.00572396
324.4,0.00589564
324.467,0.00625461
324.533,0.00626631
324.6,0.00620779
324.667,0.00608683
324.733,0.00611024
324.8,0.0060244
324.867,0.00596197
324.933,0.00617267
325,0.00634435
325.067,0.00624681
325.133,0.00628192
325.2,0.00612975
325.267,0.00607513
325.333,0.00604781
325.4,0.00630533
325.467,0.00683988
325.533,0.00678916
325.6,0.00654334
325.667,0.00662918
325.733,0.00647701
325.8,0.00655115
325.867,0.00646531
325.933,0.00632874
326,0.00639117
326.067,0.00639898
326.133,0.00633265
326.2,0.00654725
326.267,0.0064575
326.333,0.00653164
326.4,0.00660187
326.467,0.0068867
326.533,0.00679696
326.6,0.00787386
326.667,0.00812748
326.733,0.00851766
326.8,0.00927461
326.867,0.0105349
326.933,0.0109836
327,0.0115494
327.067,0.0118303
327.133,0.0118693
327.2,0.0109212
327.267,0.00985208
327.333,0.00942678
327.4,0.00810797
327.467,0.00641849
327.533,0.00572006
327.6,0.0047329
327.667,0.004093
327.733,0.00392913
327.8,0.00698035
327.867,0.0137188
327.933,0.0171251
328,0.0208786
328.067,0.0224315
328.133,0.0227125
328.2,0.0235084
328.267,0.0236723
328.333,0.0236645
328.4,0.0239454
328.467,0.0295875
328.533,0.0333956
328.6,0.0418275
328.667,0.0465838
328.733,0.0499549
328.8,0.0562603
328.867,0.0579068
328.933,0.0568416
329,0.0569392
329.067,0.0553785
329.133,0.0548166
329.2,0.0537592
329.267,0.0516405
329.333,0.051859
329.4,0.0571694
329.467,0.0607786
329.533,0.0625773
329.6,0.0658197
329.667,0.0675014
329.733,0.0678682
329.8,0.0703185
329.867,0.0735063
329.933,0.0737014
330,0.073397
330.067,0.0708531
330.133,0.0688904
330.2,0.0649691
330.267,0.0611805
330.333,0.0603611
330.4,0.0590462
330.467,0.057306
330.533,0.0577898
330.6,0.0543991
330.667,0.0532559
330.733,0.0519527
330.8,0.0531856
330.867,0.0547112
330.933,0.0547581
331,0.0545357
331.067,0.0514064
331.133,0.0517459
331.2,0.0542274
331.267,0.0576415
331.333,0.0562173
331.4,0.0565178
331.467,0.0566348
331.533,0.0569431
331.6,0.0585662
331.667,0.0592452
331.733,0.0582775
331.8,0.0564046
331.867,0.0523389
331.933,0.049635
332,0.0472393
332.067,0.0467437
332.133,0.0456551
332.2,0.0439383
332.267,0.0422449
332.333,0.0421903
332.4,0.043474
332.467,0.0442232
332.533,0.044547
332.6,0.0441529
332.667,0.0444378
332.733,0.0437784
332.8,0.0455303
332.867,0.0486712
332.933,0.0495296
333,0.0482498
333.067,0.0483318
333.133,0.048562
333.2,0.0495062
333.267,0.0502515
333.333,0.0504075
333.4,0.0520775
333.467,0.053014
333.533,0.0520385
333.6,0.0519449
333.667,0.0501695
333.733,0.0492526
333.8,0.049198
333.867,0.049038
333.933,0.0492838
334,0.0492019
334.067,0.0466423
334.133,0.044707
334.2,0.0408988
334.267,0.0367629
334.333,0.035171
334.4,0.0324358
334.467,0.0298528
334.533,0.0279643
334.6,0.0240664
334.667,0.0216512
334.733,0.021339
334.8,0.0182605
334.867,0.015658
334.933,0.0148503
335,0.0146162
335.067,0.0145108
335.133,0.0148581
335.2,0.014347
335.267,0.0122751
335.333,0.0113933
335.4,0.00973113
335.467,0.00788167
335.533,0.00767487
335.6,0.00780753
335.667,0.00809627
335.733,0.00818991
335.8,0.00862691
335.867,0.0085957
335.933,0.00883371
336,0.00920828
336.067,0.00929022
336.133,0.00971162
336.2,0.00977405
336.267,0.0104296
336.333,0.0107339
336.4,0.0132974
336.467,0.0160404
336.533,0.0170236
336.6,0.0203714
336.667,0.0250614
336.733,0.0266533
336.8,0.0312769
336.867,0.0341838
336.933,0.0363064
337,0.0417143
337.067,0.0441022
337.133,0.0469349
337.2,0.0477738
337.267,0.0525301
337.333,0.0555735
337.4,0.057064
337.467,0.058855
337.533,0.0623978
337.6,0.0640834
337.667,0.0645906
337.733,0.0656012
337.8,0.0626124
337.867,0.0646609
337.933,0.0665533
338,0.0645477
338.067,0.0694211
338.133,0.0704239
338.2,0.0701897
338.267,0.0729405
338.333,0.0742515
338.4,0.0767019
338.467,0.0789883
338.533,0.0799131
338.6,0.0829955
338.667,0.0846109
338.733,0.0842909
338.8,0.0861989
338.867,0.0885322
338.933,0.0845718
339,0.0858477
339.067,0.0847903
339.133,0.0846109
339.2,0.084884
339.267,0.0843182
339.333,0.0848098
339.4,0.0854536
339.467,0.0839397
339.533,0.0836276
339.6,0.083612
339.667,0.0836861
339.733,0.0846421
339.8,0.0863277
339.867,0.0897456
339.933,0.0887078
340,0.0855629
340.067,0.08218
340.133,0.0789142
340.2,0.0720353
340.267,0.0649925
340.333,0.0617462
340.4,0.0538411
340.467,0.0460687
340.533,0.0430448
340.6,0.0342618
340.667,0.0291544
340.733,0.028452
340.8,0.0280033
340.867,0.0272659
340.933,0.0279838
341,0.0283623
341.067,0.0280345
341.133,0.0278941
341.2,0.0270708
341.267,0.0256115
341.333,0.0246126
341.4,0.0225369
341.467,0.0216746
341.533,0.0210152
341.6,0.0195403
341.667,0.0147528
341.733,0.0128955
341.8,0.00828355
341.867,0.0043037
341.933,0.00248936
342,0.000163876
342.067,0.000284832
342.133,0.000308243
342.2,0.000183385
342.267,0.000202894
342.333,0.000198993
342.4,0.000187287
342.467,0.000187287
342.533,0.000187287
342.6,0.000163876
342.667,0.000148269
342.733,0.000152171
342.8,0.000152171
342.867,0.000152171
342.933,0.000152171
343,0.000152171
343.067,0.000152171
343.133,0.000152171
343.2,0.000148269
343.267,0.000148269
343.333,0.000148269
343.4,0.000148269
343.467,0.000148269
343.533,0.000148269
343.6,0.000148269
343.667,0.000148269
343.733,0.000144367
343.8,0.000144367
343.867,0.000144367
343.933,0.000163876
344,0.000163876
344.067,0.000163876
344.133,0.000175582
344.2,0.000175582
344.267,0.000175582
344.333,0.000144367
344.4,0.000156073
344.467,0.000156073
344.533,0.000156073
344.6,0.000156073
344.667,0.000156073
344.733,0.000156073
344.8,0.000167778
344.867,0.000167778
344.933,0.000159974
345,0.000159974
345.067,0.000159974
345.133,0.000159974
345.2,0.000152171
345.267,9.75454e-05
345.333,4.68218e-05
345.4,0
345.467,0
345.533,0
345.6,0
345.667,0
345.733,0
345.8,0
345.867,0
345.933,0
346,0
346.067,0
346.133,0
346.2,0
346.267,0
346.333,0
346.4,0
346.467,0
346.533,0
346.6,0
346.667,0
346.733,0
346.8,0
346.867,0
346.933,0
347,0
347.067,0
347.133,0
347.2,0
347.267,0
347.333,0
347.4,0
347.467,0
347.533,0
347.6,0
347.667,0
347.733,0
347.8,0
347.867,0
347.933,7.80363e-06
348,0
348.067,0
348.133,0
348.2,0
348.267,1.95091e-05
348.333,2.34109e-05
348.4,2.34109e-05
348.467,3.12145e-05
348.533,4.292e-05
348.6,8.19381e-05
348.667,8.19381e-05
348.733,0.000156073
348.8,0.00017168
348.867,0.000167778
348.933,0.000202894
349,0.000218502
349.067,0.000234109
349.133,0.000234109
349.2,0.000234109
349.267,0.000238011
349.333,0.000238011
349.4,0.000238011
349.467,0.000249716
349.533,0.000249716
349.6,0.000249716
349.667,0.000284832
349.733,0.000284832
349.8,0.000288734
349.867,0.000284832
349.933,0.000284832
350,0.000280931
350.067,0.000284832
350.133,0.000273127
350.2,0.000265323
350.267,0.000265323
350.333,0.000265323
350.4,0.000253618
350.467,0.000269225
350.533,0.00400326
350.6,0.00719104
350.667,0.0141597
350.733,0.0212454
350.8,0.023684
350.867,0.028296
350.933,0.0318661
351,0.0332981
351.067,0.034098
351.133,0.0346871
351.2,0.0347457
351.267,0.0354129
351.333,0.0358031
351.4,0.0360098
351.467,0.0363805
351.533,0.0362401
351.6,0.0364429
351.667,0.0372974
351.733,0.0376291
351.8,0.0381246
351.867,0.0386436
351.933,0.0391859
352,0.0396776
352.067,0.0394278
352.133,0.0394434
352.2,0.0394747
352.267,0.0401107
352.333,0.0407427
352.4,0.0411876
352.467,0.0418821
352.533,0.0431346
352.6,0.0436496
352.667,0.0490263
352.733,0.0548868
352.8,0.058219
352.867,0.0642941
352.933,0.0692923
353,0.0711613
353.067,0.0738809
353.133,0.0786567
353.2,0.0799053
353.267,0.0833115
353.333,0.0868232
353.4,0.0883332
353.467,0.090846
353.533,0.0941976
353.6,0.0955554
353.667,0.097085
353.733,0.0984116
353.8,0.0984038
353.867,0.0991607
353.933,0.100046
354,0.100741
354.067,0.10188
354.133,0.102438
354.2,0.103519
354.267,0.104116
354.333,0.102142
354.4,0.100928
354.467,0.0983023
354.533,0.0969991
354.6,0.0964373
354.667,0.0943186
354.733,0.0935265
354.8,0.0927774
354.867,0.0912478
354.933,0.0896676
355,0.0890745
355.067,0.0891682
355.133,0.0890238
355.2,0.0892852
355.267,0.0905728
355.333,0.0933275
355.4,0.0955437
355.467,0.0994495
355.533,0.101248
355.6,0.101393
355.667,0.102746
355.733,0.106254
355.8,0.106484
355.867,0.106496
355.933,0.107206
356,0.107952
356.067,0.108826
356.133,0.110296
356.2,0.11009
356.267,0.111245
356.333,0.112392
356.4,0.112208
356.467,0.112442
356.533,0.113047
356.6,0.112501
356.667,0.112891
356.733,0.114011
356.8,0.115474
356.867,0.118053
356.933,0.121897
357,0.124398
357.067,0.130738
357.133,0.133899
357.2,0.135451
357.267,0.137953
357.333,0.140906
357.4,0.141304
357.467,0.142533
357.533,0.142003
357.6,0.142525
357.667,0.143563
357.733,0.144402
357.8,0.14489
357.867,0.146025
357.933,0.145639
358,0.146923
358.067,0.147071
358.133,0.146849
358.2,0.147223
358.267,0.148035
358.333,0.148628
358.4,0.149049
358.467,0.149358
358.533,0.149935
358.6,0.150154
358.667,0.150224
358.733,0.150477
358.8,0.150579
358.867,0.150563
358.933,0.150793
359,0.151172
359.067,0.152241
359.133,0.156822
359.2,0.158324
359.267,0.163037
359.333,0.168219
359.4,0.170283
359.467,0.173467
359.533,0.176311
359.6,0.177872
359.667,0.179885
359.733,0.182847
359.8,0.184521
359.867,0.186905
359.933,0.186776
360,0.18653
360.067,0.18536
360.133,0.184556
360.2,0.184318
360.267,0.184287
360.333,0.183768
360.4,0.183553
360.467,0.183479
360.533,0.184357
360.6,0.184743
360.667,0.185243
360.733,0.186066
360.8,0.186007
360.867,0.186241
360.933,0.185976
361,0.186093
361.067,0.186152
361.133,0.189074
361.2,0.191162
361.267,0.195688
361.333,0.200647
361.4,0.20275
361.467,0.206457
361.533,0.208505
361.6,0.208993
361.667,0.211502
361.733,0.212622
361.8,0.213082
361.867,0.214096
361.933,0.213886
362,0.2141
362.067,0.216917
362.133,0.219852
362.2,0.219434
362.267,0.218864
362.333,0.219692
362.4,0.220347
362.467,0.22327
362.533,0.226091
362.6,0.227718
362.667,0.231038
362.733,0.234323
362.8,0.235494
362.867,0.236903
362.933,0.236914
363,0.234468
363.067,0.237039
363.133,0.232934
363.2,0.230781
363.267,0.227273
363.333,0.226703
363.4,0.226157
363.467,0.225896
363.533,0.224335
363.6,0.223262
363.667,0.222446
363.733,0.221986
363.8,0.221295
363.867,0.220769
363.933,0.219902
364,0.219333
364.067,0.219106
364.133,0.217827
364.2,0.217589
364.267,0.21634
364.333,0.215119
364.4,0.214015
364.467,0.213597
364.533,0.213156
364.6,0.21362
364.667,0.208294
364.733,0.207854
364.8,0.20799
364.867,0.207752
364.933,0.207518
365,0.207904
365.067,0.207292
365.133,0.206808
365.2,0.20808
365.267,0.211373
365.333,0.214928
365.4,0.216812
365.467,0.220804
365.533,0.225634
365.6,0.227534
365.667,0.231982
365.733,0.235884
365.8,0.238639
365.867,0.243095
365.933,0.247043
366,0.249209
366.067,0.253618
366.133,0.257594
366.2,0.261152
366.267,0.264906
366.333,0.269967
366.4,0.270942
366.467,0.271804
366.533,0.271722
366.6,0.272347
366.667,0.273439
366.733,0.274454
366.8,0.275975
366.867,0.276159
366.933,0.27596
367,0.275913
367.067,0.275476
367.133,0.276053
367.2,0.275815
367.267,0.275897
367.333,0.275706
367.4,0.27546
367.467,0.273509
367.533,0.271445
367.6,0.270712
367.667,0.269717
367.733,0.26759
367.8,0.26683
367.867,0.264762
367.933,0.263294
368,0.258128
368.067,0.259404
368.133,0.259915
368.2,0.261012
368.267,0.262077
368.333,0.263088
368.4,0.263665
368.467,0.264286
368.533,0.266974
368.6,0.268593
368.667,0.269569
368.733,0.271235
368.8,0.272436
368.867,0.275476
368.933,0.277552
369,0.278457
369.067,0.280626
369.133,0.282956
369.2,0.283627
369.267,0.285683
369.333,0.286889
369.4,0.287849
369.467,0.289374
369.533,0.290728
369.6,0.291095
369.667,0.291083
369.733,0.290826
369.8,0.292086
369.867,0.292901
369.933,0.293377
370,0.293963
370.067,0.294833
370.133,0.295793
370.2,0.296678
370.267,0.297478
370.333,0.299105
370.4,0.300846
370.467,0.302832
370.533,0.305141
370.6,0.306168
370.667,0.30902
370.733,0.310659
370.8,0.311919
370.867,0.313667
370.933,0.315321
371,0.316827
371.067,0.320511
371.133,0.323203
371.2,0.32545
371.267,0.328849
371.333,0.323972
371.4,0.325766
371.467,0.326808
371.533,0.327682
371.6,0.32874
371.667,0.330866
371.733,0.33261
371.8,0.334261
371.867,0.338053
371.933,0.340648
372,0.342533
372.067,0.345088
372.133,0.344874
372.2,0.343426
372.267,0.343274
372.333,0.343836
372.4,0.344538
372.467,0.34686
372.533,0.348518
372.6,0.349197
372.667,0.351074
372.733,0.352115
372.8,0.351994
372.867,0.352361
372.933,0.352381
373,0.356255
373.067,0.35574
373.133,0.350742
373.2,0.349688
373.267,0.346996
373.333,0.344534
373.4,0.343641
373.467,0.341608
373.533,0.340753
373.6,0.340445
373.667,0.339809
373.733,0.339122
373.8,0.339173
373.867,0.340383
373.933,0.342302
374,0.342747
374.067,0.343726
374.133,0.345716
374.2,0.346321
374.267,0.348167
374.333,0.349072
374.4,0.350044
374.467,0.351276
374.533,0.353196
374.6,0.353774
374.667,0.350789
374.733,0.351444
374.8,0.352474
374.867,0.352818
374.933,0.353781
375,0.353543
375.067,0.355096
375.133,0.355783
375.2,0.356294
375.267,0.356556
375.333,0.356595
375.4,0.35608
375.467,0.355955
375.533,0.35533
375.6,0.355565
375.667,0.355143
375.733,0.355873
375.8,0.356727
375.867,0.356329
375.933,0.355514
376,0.356322
376.067,0.356431
376.133,0.357461
376.2,0.35791
376.267,0.359162
376.333,0.370212
376.4,0.370372
376.467,0.37198
376.533,0.373493
376.6,0.374239
376.667,0.374301
376.733,0.375265
376.8,0.375542
376.867,0.375491
376.933,0.375795
377,0.375819
377.067,0.375702
377.133,0.37498
377.2,0.375238
377.267,0.374996
377.333,0.375066
377.4,0.375495
377.467,0.376693
377.533,0.37704
377.6,0.377067
377.667,0.377637
377.733,0.378484
377.8,0.377996
377.867,0.378952
377.933,0.379303
378,0.382093
378.067,0.382409
378.133,0.38333
378.2,0.383338
378.267,0.383767
378.333,0.384337
378.4,0.384122
378.467,0.384711
378.533,0.38493
378.6,0.385211
378.667,0.385823
378.733,0.385663
378.8,0.386241
378.867,0.386717
378.933,0.387173
379,0.386994
379.067,0.38715
379.133,0.387337
379.2,0.387614
379.267,0.388215
379.333,0.38848
379.4,0.388008
379.467,0.387677
379.533,0.38745
379.6,0.38779
379.667,0.38111
379.733,0.380645
379.8,0.381024
379.867,0.381242
379.933,0.381804
380,0.382729
380.067,0.382713
380.133,0.384239
380.2,0.384664
380.267,0.38468
380.333,0.384867
380.4,0.38484
380.467,0.385671
380.533,0.386284
380.6,0.387025
380.667,0.387392
380.733,0.388398
380.8,0.390673
380.867,0.392398
380.933,0.394056
381,0.396639
381.067,0.39795
381.133,0.398367
381.2,0.399425
381.267,0.398879
381.333,0.41559
381.4,0.415375
381.467,0.415614
381.533,0.415223
381.6,0.415141
381.667,0.415216
381.733,0.415313
381.8,0.415348
381.867,0.41534
381.933,0.415114
382,0.415231
382.067,0.414736
382.133,0.415013
382.2,0.41456
382.267,0.414299
382.333,0.414158
382.4,0.414115
382.467,0.414256
$,99
